## LogoData
# First column is position number, counting from zero
# Subsequent columns are raw symbol counts
# Entropy is mean entropy measured in nats.
# Low and High are the 95% confidence limits.
# Weight is the fraction of non-gap symbols in the column.
#	
#	A 	C 	D 	E 	F 	G 	H 	I 	K 	L 	M 	N 	P 	Q 	R 	S 	T 	V 	W 	Y 	Entropy	Low	High	Weight
1 	0 	2 	0 	0 	0 	0 	0 	0 	0 	0 	0 	0 	0 	0 	0 	0 	0 	0 	0 	0 	2.9957 		 	0.1250
2 	0 	0 	2 	0 	0 	0 	0 	0 	0 	0 	0 	0 	0 	0 	0 	0 	0 	0 	0 	0 	2.9957 		 	0.1250
3 	0 	0 	0 	0 	0 	0 	0 	2 	0 	0 	0 	0 	0 	0 	0 	0 	0 	0 	0 	0 	2.9957 		 	0.1250
4 	0 	0 	0 	0 	0 	0 	0 	0 	0 	0 	0 	0 	2 	0 	0 	1 	0 	0 	0 	0 	2.3592 		 	0.1875
5 	0 	0 	0 	0 	0 	0 	0 	2 	0 	0 	0 	1 	0 	0 	0 	0 	0 	0 	0 	0 	2.3592 		 	0.1875
6 	0 	0 	0 	0 	0 	3 	0 	0 	0 	0 	0 	0 	0 	0 	0 	0 	0 	0 	0 	0 	2.9957 		 	0.1875
7 	2 	0 	0 	0 	0 	0 	0 	0 	0 	0 	0 	0 	0 	0 	0 	0 	1 	0 	0 	0 	2.3592 		 	0.1875
8 	1 	0 	0 	0 	0 	2 	0 	0 	0 	0 	0 	0 	0 	0 	0 	1 	0 	0 	0 	1 	1.6636 		 	0.3125
9 	0 	0 	0 	0 	0 	0 	0 	3 	0 	0 	0 	1 	0 	0 	0 	0 	0 	1 	0 	0 	2.0455 		 	0.3125
10 	0 	3 	0 	0 	0 	0 	0 	0 	0 	0 	0 	0 	0 	0 	0 	1 	1 	0 	0 	0 	2.0455 		 	0.3125
11 	2 	0 	0 	0 	0 	0 	0 	0 	0 	0 	0 	0 	0 	0 	0 	0 	3 	0 	0 	0 	2.3227 		 	0.3125
12 	0 	0 	1 	0 	0 	2 	0 	0 	0 	0 	0 	0 	0 	0 	0 	2 	0 	0 	0 	0 	1.9408 		 	0.3125
13 	1 	0 	0 	0 	0 	0 	0 	0 	0 	0 	0 	0 	0 	0 	0 	0 	0 	0 	0 	0 	2.9957 		 	0.0625
14 	0 	0 	0 	0 	0 	0 	0 	0 	0 	0 	0 	0 	0 	0 	0 	0 	0 	1 	0 	0 	2.9957 		 	0.0625
15 	0 	0 	0 	0 	0 	0 	0 	0 	0 	1 	0 	0 	0 	0 	0 	0 	0 	0 	0 	0 	2.9957 		 	0.0625
16 	0 	0 	0 	0 	0 	0 	0 	0 	0 	0 	0 	0 	0 	0 	0 	0 	1 	0 	0 	0 	2.9957 		 	0.0625
17 	0 	0 	0 	0 	0 	0 	0 	0 	0 	0 	0 	0 	0 	0 	0 	0 	0 	0 	0 	5 	2.9957 		 	0.3125
18 	0 	0 	0 	0 	0 	0 	2 	0 	0 	0 	0 	0 	0 	0 	2 	1 	0 	0 	0 	0 	1.9408 		 	0.3125
19 	1 	0 	0 	0 	1 	0 	0 	0 	0 	1 	0 	0 	0 	0 	0 	1 	2 	0 	0 	0 	1.4350 		 	0.3750
20 	0 	0 	0 	0 	1 	0 	0 	0 	0 	0 	0 	0 	0 	0 	0 	0 	3 	2 	0 	0 	1.9843 		 	0.3750
21 	0 	0 	0 	0 	0 	1 	0 	0 	0 	0 	0 	0 	0 	0 	0 	5 	0 	0 	0 	0 	2.5452 		 	0.3750
22 	0 	0 	0 	0 	0 	1 	0 	0 	0 	2 	0 	0 	0 	0 	0 	0 	0 	1 	0 	2 	1.6661 		 	0.3750
23 	1 	1 	0 	0 	0 	0 	0 	0 	0 	2 	0 	0 	0 	0 	0 	2 	0 	0 	0 	0 	1.6661 		 	0.3750
24 	3 	0 	0 	0 	0 	0 	0 	0 	0 	0 	0 	0 	0 	0 	2 	1 	0 	0 	0 	0 	1.9843 		 	0.3750
25 	0 	0 	2 	0 	0 	0 	0 	0 	0 	0 	0 	0 	0 	0 	0 	8 	0 	0 	0 	0 	2.4953 		 	0.6250
26 	0 	0 	0 	0 	0 	1 	0 	0 	0 	0 	0 	1 	0 	2 	0 	0 	6 	2 	0 	0 	1.6378 		 	0.7500
27 	0 	0 	0 	0 	5 	3 	0 	0 	0 	0 	0 	0 	0 	0 	0 	4 	0 	0 	0 	0 	1.9182 		 	0.7500
28 	0 	0 	0 	0 	0 	0 	0 	1 	0 	0 	0 	0 	0 	9 	0 	0 	0 	0 	0 	0 	2.6706 		 	0.6250
29 	0 	0 	0 	0 	0 	0 	0 	2 	6 	2 	0 	0 	0 	0 	0 	0 	0 	0 	0 	0 	2.0455 		 	0.6250
30 	4 	0 	0 	0 	0 	0 	0 	0 	0 	0 	0 	0 	0 	0 	0 	6 	0 	0 	0 	0 	2.3227 		 	0.6250
31 	0 	0 	0 	0 	0 	0 	0 	6 	0 	0 	0 	0 	0 	0 	0 	2 	1 	3 	0 	0 	1.7969 		 	0.7500
32 	0 	0 	0 	2 	0 	0 	0 	2 	0 	3 	0 	0 	0 	1 	0 	0 	0 	6 	0 	0 	1.5580 		 	0.8750
33 	8 	0 	0 	0 	0 	0 	0 	0 	0 	0 	0 	3 	3 	0 	0 	0 	0 	0 	0 	0 	2.0158 		 	0.8750
34 	0 	0 	0 	0 	4 	0 	0 	0 	0 	0 	0 	0 	0 	0 	1 	0 	0 	0 	0 	9 	2.1653 		 	0.8750
35 	0 	0 	0 	0 	0 	0 	0 	0 	0 	0 	0 	3 	0 	0 	0 	0 	11 	0 	0 	0 	2.4762 		 	0.8750
36 	0 	0 	0 	0 	0 	0 	2 	0 	0 	0 	6 	0 	1 	0 	0 	3 	0 	2 	0 	0 	1.5580 		 	0.8750
37 	0 	0 	0 	0 	0 	0 	0 	0 	0 	0 	1 	1 	5 	0 	0 	7 	0 	0 	0 	0 	1.9044 		 	0.8750
38 	0 	0 	0 	0 	0 	0 	0 	4 	0 	8 	0 	0 	0 	0 	0 	1 	0 	0 	0 	1 	1.9410 		 	0.8750
39 	0 	0 	1 	0 	0 	6 	0 	0 	0 	0 	0 	0 	0 	2 	0 	0 	1 	4 	0 	0 	1.6197 		 	0.8750
40 	6 	0 	0 	0 	0 	0 	0 	0 	0 	0 	0 	2 	0 	0 	0 	0 	0 	0 	0 	0 	2.4334 		 	0.5000
41 	0 	0 	5 	3 	0 	0 	0 	0 	0 	1 	0 	0 	0 	0 	0 	0 	0 	4 	0 	0 	1.7299 		 	0.8125
42 	0 	0 	0 	0 	0 	0 	0 	0 	0 	0 	0 	0 	0 	0 	0 	2 	0 	0 	0 	0 	2.9957 		 	0.1250
43 	1 	0 	2 	0 	0 	0 	0 	0 	0 	1 	0 	3 	0 	0 	0 	4 	2 	1 	0 	0 	1.1862 		 	0.8750
44 	0 	0 	0 	1 	0 	0 	0 	0 	0 	0 	0 	0 	3 	3 	0 	6 	0 	1 	0 	0 	1.5954 		 	0.8750
45 	0 	0 	0 	0 	0 	0 	0 	9 	0 	2 	0 	0 	1 	0 	0 	2 	0 	0 	0 	0 	1.9672 		 	0.8750
46 	7 	0 	0 	0 	0 	0 	0 	0 	0 	0 	0 	5 	0 	0 	0 	0 	0 	2 	0 	0 	2.0035 		 	0.8750
47 	0 	0 	1 	0 	0 	1 	0 	1 	0 	0 	0 	0 	0 	0 	0 	5 	0 	0 	0 	6 	1.6994 		 	0.8750
48 	3 	0 	0 	0 	0 	2 	0 	0 	0 	0 	0 	0 	0 	0 	0 	7 	1 	1 	0 	0 	1.6641 		 	0.8750
49 	0 	0 	0 	0 	0 	3 	0 	0 	0 	2 	0 	6 	0 	0 	0 	0 	1 	0 	0 	2 	1.5580 		 	0.8750
50 	1 	0 	0 	0 	5 	0 	0 	0 	0 	0 	0 	6 	0 	0 	0 	0 	0 	0 	0 	2 	1.7984 		 	0.8750
51 	0 	0 	0 	2 	0 	0 	0 	0 	2 	0 	0 	1 	0 	0 	0 	3 	5 	1 	0 	0 	1.3649 		 	0.8750
52 	2 	0 	0 	0 	0 	0 	0 	9 	0 	3 	1 	0 	0 	0 	0 	0 	0 	1 	0 	0 	1.7517 		 	1.0000
53 	9 	0 	0 	0 	0 	0 	0 	0 	0 	0 	0 	0 	0 	4 	0 	3 	0 	0 	0 	0 	2.0116 		 	1.0000
54 	0 	0 	0 	0 	0 	0 	0 	15 	0 	0 	0 	0 	0 	0 	0 	0 	0 	1 	0 	0 	2.7619 		 	1.0000
55 	0 	0 	0 	0 	0 	0 	0 	0 	0 	0 	0 	0 	16 	0 	0 	0 	0 	0 	0 	0 	2.9957 		 	1.0000
56 	0 	0 	0 	0 	0 	0 	0 	0 	0 	0 	0 	0 	0 	0 	0 	4 	12 	0 	0 	0 	2.4334 		 	1.0000
57 	0 	0 	0 	3 	0 	0 	0 	0 	0 	0 	0 	13 	0 	0 	0 	0 	0 	0 	0 	0 	2.5132 		 	1.0000
58 	0 	0 	0 	0 	15 	0 	0 	0 	0 	0 	0 	0 	0 	0 	0 	0 	0 	0 	1 	0 	2.7619 		 	1.0000
59 	0 	0 	0 	0 	0 	0 	0 	0 	0 	0 	0 	0 	0 	0 	0 	10 	6 	0 	0 	0 	2.3342 		 	1.0000
60 	0 	0 	0 	0 	5 	0 	0 	10 	0 	0 	0 	0 	0 	0 	0 	0 	1 	0 	0 	0 	2.1652 		 	1.0000
61 	0 	0 	0 	0 	0 	7 	0 	0 	0 	0 	0 	0 	0 	0 	0 	9 	0 	0 	0 	0 	2.3104 		 	1.0000
62 	0 	0 	0 	0 	0 	0 	1 	3 	0 	1 	0 	3 	0 	0 	0 	0 	0 	8 	0 	0 	1.6748 		 	1.0000
63 	0 	0 	0 	0 	0 	0 	1 	0 	0 	0 	3 	0 	0 	1 	0 	0 	11 	0 	0 	0 	2.0777 		 	1.0000
64 	0 	0 	0 	3 	0 	0 	0 	0 	0 	0 	0 	0 	0 	5 	0 	0 	6 	2 	0 	0 	1.6906 		 	1.0000
65 	0 	0 	0 	16 	0 	0 	0 	0 	0 	0 	0 	0 	0 	0 	0 	0 	0 	0 	0 	0 	2.9957 		 	1.0000
66 	0 	0 	0 	0 	5 	0 	0 	0 	0 	0 	0 	0 	0 	0 	0 	0 	0 	6 	0 	5 	1.9010 		 	1.0000
67 	0 	0 	0 	0 	0 	0 	0 	9 	0 	1 	6 	0 	0 	0 	0 	0 	0 	0 	0 	0 	2.1310 		 	1.0000
68 	0 	0 	0 	3 	0 	0 	0 	0 	0 	0 	0 	0 	6 	7 	0 	0 	0 	0 	0 	0 	1.9524 		 	1.0000
69 	0 	0 	0 	0 	0 	0 	0 	1 	0 	0 	0 	0 	0 	0 	0 	0 	9 	6 	0 	0 	2.1310 		 	1.0000
70 	0 	0 	0 	0 	0 	0 	0 	0 	0 	0 	0 	0 	0 	0 	1 	11 	4 	0 	0 	0 	2.2183 		 	1.0000
71 	0 	0 	0 	0 	0 	0 	0 	6 	0 	0 	5 	0 	0 	0 	0 	5 	0 	0 	0 	0 	1.9010 		 	1.0000
72 	6 	0 	0 	0 	0 	0 	0 	0 	0 	0 	0 	0 	4 	5 	0 	0 	1 	0 	0 	0 	1.7446 		 	1.0000
73 	0 	0 	0 	0 	0 	0 	0 	0 	15 	0 	0 	0 	1 	0 	0 	0 	0 	0 	0 	0 	2.7619 		 	1.0000
74 	0 	0 	0 	0 	0 	0 	0 	2 	0 	0 	0 	0 	0 	0 	0 	0 	6 	8 	0 	0 	2.0214 		 	1.0000
75 	1 	0 	0 	0 	0 	0 	0 	0 	0 	0 	0 	0 	0 	0 	0 	5 	9 	1 	0 	0 	1.9620 		 	1.0000
76 	0 	0 	0 	0 	0 	0 	0 	4 	0 	0 	0 	0 	0 	0 	0 	0 	0 	12 	0 	0 	2.4334 		 	1.0000
77 	0 	0 	16 	0 	0 	0 	0 	0 	0 	0 	0 	0 	0 	0 	0 	0 	0 	0 	0 	0 	2.9957 		 	1.0000
78 	0 	16 	0 	0 	0 	0 	0 	0 	0 	0 	0 	0 	0 	0 	0 	0 	0 	0 	0 	0 	2.9957 		 	1.0000
79 	4 	0 	0 	0 	0 	0 	0 	0 	5 	0 	0 	3 	0 	0 	0 	1 	3 	0 	0 	0 	1.4846 		 	1.0000
80 	4 	0 	0 	0 	0 	0 	0 	0 	0 	0 	6 	0 	0 	5 	0 	0 	1 	0 	0 	0 	1.7446 		 	1.0000
81 	0 	0 	0 	0 	4 	0 	0 	0 	0 	0 	0 	0 	0 	0 	0 	0 	0 	0 	0 	12 	2.4334 		 	1.0000
82 	0 	0 	0 	0 	0 	0 	0 	7 	0 	0 	0 	0 	0 	0 	0 	0 	0 	9 	0 	0 	2.3104 		 	1.0000
83 	0 	16 	0 	0 	0 	0 	0 	0 	0 	0 	0 	0 	0 	0 	0 	0 	0 	0 	0 	0 	2.9957 		 	1.0000
84 	0 	0 	0 	0 	0 	10 	0 	0 	0 	0 	0 	6 	0 	0 	0 	0 	0 	0 	0 	0 	2.3342 		 	1.0000
85 	0 	0 	10 	0 	0 	6 	0 	0 	0 	0 	0 	0 	0 	0 	0 	0 	0 	0 	0 	0 	2.3342 		 	1.0000
86 	0 	0 	0 	0 	5 	0 	0 	0 	0 	0 	0 	2 	0 	0 	0 	6 	0 	0 	0 	3 	1.6906 		 	1.0000
87 	3 	0 	0 	0 	0 	0 	0 	0 	1 	3 	0 	0 	0 	2 	0 	0 	6 	1 	0 	0 	1.3937 		 	1.0000
88 	4 	0 	0 	6 	0 	0 	0 	0 	3 	0 	0 	0 	0 	0 	3 	0 	0 	0 	0 	0 	1.6536 		 	1.0000
89 	0 	16 	0 	0 	0 	0 	0 	0 	0 	0 	0 	0 	0 	0 	0 	0 	0 	0 	0 	0 	2.9957 		 	1.0000
90 	3 	0 	0 	5 	0 	0 	0 	0 	3 	0 	0 	0 	0 	0 	1 	3 	0 	1 	0 	0 	1.3441 		 	1.0000
91 	0 	0 	1 	1 	0 	0 	0 	0 	2 	1 	0 	6 	0 	3 	0 	2 	0 	0 	0 	0 	1.2743 		 	1.0000
92 	0 	0 	0 	0 	0 	0 	0 	0 	0 	12 	0 	0 	0 	4 	0 	0 	0 	0 	0 	0 	2.4334 		 	1.0000
93 	0 	0 	0 	0 	0 	0 	0 	0 	0 	16 	0 	0 	0 	0 	0 	0 	0 	0 	0 	0 	2.9957 		 	1.0000
94 	0 	0 	0 	0 	0 	0 	0 	0 	2 	6 	0 	0 	0 	0 	2 	0 	0 	6 	0 	0 	1.7402 		 	1.0000
95 	0 	0 	0 	9 	0 	0 	0 	0 	0 	0 	0 	0 	0 	7 	0 	0 	0 	0 	0 	0 	2.3104 		 	1.0000
96 	0 	0 	0 	0 	0 	0 	0 	0 	0 	0 	0 	0 	0 	0 	0 	0 	0 	0 	0 	16 	2.9957 		 	1.0000
97 	0 	0 	0 	0 	0 	15 	0 	0 	0 	0 	0 	0 	0 	0 	0 	0 	1 	0 	0 	0 	2.7619 		 	1.0000
98 	0 	0 	0 	0 	0 	0 	0 	0 	0 	0 	0 	0 	0 	5 	0 	11 	0 	0 	0 	0 	2.3746 		 	1.0000
99 	1 	0 	0 	0 	15 	0 	0 	0 	0 	0 	0 	0 	0 	0 	0 	0 	0 	0 	0 	0 	2.7619 		 	1.0000
100 	0 	16 	0 	0 	0 	0 	0 	0 	0 	0 	0 	0 	0 	0 	0 	0 	0 	0 	0 	0 	2.9957 		 	1.0000
101 	0 	0 	3 	0 	0 	0 	0 	0 	1 	0 	0 	0 	0 	0 	0 	5 	6 	1 	0 	0 	1.6040 		 	1.0000
102 	0 	0 	0 	0 	0 	0 	0 	0 	5 	0 	0 	4 	0 	6 	0 	0 	1 	0 	0 	0 	1.7446 		 	1.0000
103 	0 	0 	0 	0 	0 	0 	0 	9 	0 	6 	0 	0 	0 	0 	0 	0 	0 	1 	0 	0 	2.1310 		 	1.0000
104 	0 	0 	0 	1 	0 	0 	0 	0 	0 	0 	0 	15 	0 	0 	0 	0 	0 	0 	0 	0 	2.7619 		 	1.0000
105 	4 	0 	1 	0 	0 	0 	0 	0 	0 	0 	0 	0 	0 	5 	6 	0 	0 	0 	0 	0 	1.7446 		 	1.0000
106 	12 	0 	0 	0 	0 	0 	0 	4 	0 	0 	0 	0 	0 	0 	0 	0 	0 	0 	0 	0 	2.4334 		 	1.0000
107 	0 	0 	0 	0 	0 	0 	0 	0 	0 	16 	0 	0 	0 	0 	0 	0 	0 	0 	0 	0 	2.9957 		 	1.0000
108 	0 	0 	0 	0 	0 	0 	5 	0 	0 	0 	0 	1 	0 	0 	1 	4 	5 	0 	0 	0 	1.5756 		 	1.0000
109 	0 	0 	0 	4 	0 	11 	0 	0 	0 	0 	0 	1 	0 	0 	0 	0 	0 	0 	0 	0 	2.2183 		 	1.0000
110 	5 	0 	0 	0 	0 	0 	0 	6 	0 	0 	0 	0 	0 	0 	0 	1 	0 	4 	0 	0 	1.7446 		 	1.0000
111 	7 	0 	0 	0 	0 	0 	0 	0 	0 	0 	0 	9 	0 	0 	0 	0 	0 	0 	0 	0 	2.3104 		 	1.0000
112 	3 	0 	0 	3 	0 	0 	0 	3 	0 	5 	0 	1 	0 	0 	1 	0 	0 	0 	0 	0 	1.3441 		 	1.0000
113 	0 	0 	0 	6 	0 	0 	0 	0 	0 	5 	0 	0 	0 	0 	5 	0 	0 	0 	0 	0 	1.9010 		 	1.0000
114 	0 	0 	0 	1 	0 	0 	0 	0 	0 	4 	0 	0 	0 	11 	0 	0 	0 	0 	0 	0 	2.2183 		 	1.0000
115 	0 	0 	15 	0 	0 	0 	0 	0 	0 	0 	0 	0 	0 	0 	0 	1 	0 	0 	0 	0 	2.7619 		 	1.0000
116 	1 	0 	2 	3 	0 	0 	0 	0 	3 	0 	0 	1 	0 	0 	3 	0 	3 	0 	0 	0 	1.1337 		 	1.0000
117 	0 	0 	1 	0 	0 	0 	0 	0 	0 	0 	1 	6 	0 	0 	0 	5 	3 	0 	0 	0 	1.6040 		 	1.0000
118 	0 	0 	0 	0 	0 	0 	0 	1 	0 	0 	0 	0 	0 	4 	0 	0 	6 	5 	0 	0 	1.7446 		 	1.0000
119 	1 	0 	0 	0 	0 	0 	0 	0 	0 	4 	0 	0 	0 	3 	5 	1 	0 	0 	0 	2 	1.3653 		 	1.0000
120 	0 	0 	0 	7 	0 	0 	0 	0 	0 	0 	0 	3 	0 	4 	0 	2 	0 	0 	0 	0 	1.7137 		 	1.0000
121 	0 	0 	0 	0 	0 	0 	0 	0 	0 	5 	1 	0 	0 	0 	0 	0 	0 	10 	0 	0 	2.1652 		 	1.0000
122 	4 	0 	0 	0 	9 	0 	0 	0 	0 	1 	0 	0 	0 	0 	0 	0 	0 	0 	0 	2 	1.8923 		 	1.0000
123 	8 	0 	0 	0 	0 	0 	0 	0 	0 	0 	0 	3 	0 	0 	0 	4 	1 	0 	0 	0 	1.8154 		 	1.0000
124 	1 	0 	0 	0 	1 	0 	0 	0 	0 	0 	0 	2 	0 	6 	0 	6 	0 	0 	0 	0 	1.6536 		 	1.0000
125 	0 	0 	1 	0 	0 	0 	0 	3 	0 	4 	0 	0 	0 	0 	0 	0 	0 	8 	0 	0 	1.8154 		 	1.0000
126 	0 	0 	0 	0 	0 	0 	0 	0 	12 	0 	4 	0 	0 	0 	0 	0 	0 	0 	0 	0 	2.4334 		 	1.0000
127 	0 	0 	0 	0 	0 	0 	0 	0 	1 	0 	0 	3 	0 	7 	0 	2 	3 	0 	0 	0 	1.5731 		 	1.0000
128 	1 	0 	0 	0 	0 	4 	0 	0 	0 	0 	6 	0 	0 	1 	0 	2 	2 	0 	0 	0 	1.4149 		 	1.0000
129 	0 	0 	0 	0 	1 	0 	0 	0 	0 	0 	0 	1 	0 	2 	0 	2 	0 	4 	0 	6 	1.4149 		 	1.0000
130 	0 	0 	0 	0 	0 	0 	0 	0 	6 	0 	0 	0 	0 	0 	0 	2 	8 	0 	0 	0 	2.0214 		 	1.0000
131 	0 	0 	0 	0 	0 	0 	0 	1 	0 	4 	0 	0 	0 	0 	0 	0 	0 	0 	0 	0 	2.4953 		 	0.3125
132 	1 	0 	0 	0 	0 	0 	0 	0 	0 	0 	0 	0 	0 	0 	0 	4 	0 	0 	0 	0 	2.4953 		 	0.3125
133 	0 	0 	0 	0 	0 	0 	0 	0 	0 	0 	0 	0 	0 	3 	0 	3 	9 	0 	0 	0 	2.0455 		 	0.9375
134 	0 	0 	0 	0 	0 	0 	0 	0 	3 	0 	0 	0 	9 	0 	1 	0 	2 	0 	0 	0 	1.9182 		 	0.9375
135 	3 	0 	0 	0 	0 	0 	0 	2 	0 	7 	0 	0 	0 	0 	0 	0 	3 	0 	0 	0 	1.7276 		 	0.9375
136 	0 	0 	0 	2 	0 	0 	0 	5 	3 	3 	0 	0 	1 	1 	0 	0 	0 	0 	0 	0 	1.3560 		 	0.9375
137 	1 	0 	4 	0 	0 	0 	0 	0 	6 	0 	0 	0 	2 	0 	0 	0 	0 	0 	0 	2 	1.5589 		 	0.9375
138 	0 	0 	3 	0 	0 	9 	0 	0 	0 	0 	0 	0 	0 	0 	0 	0 	0 	0 	0 	3 	2.0455 		 	0.9375
139 	0 	0 	0 	0 	8 	0 	0 	1 	0 	3 	0 	1 	0 	0 	0 	0 	0 	3 	0 	0 	1.6748 		 	1.0000
140 	0 	0 	0 	0 	0 	2 	0 	0 	0 	0 	0 	6 	0 	0 	0 	1 	0 	1 	0 	0 	1.9068 		 	0.6250
141 	0 	0 	0 	0 	3 	1 	0 	0 	0 	0 	0 	0 	0 	0 	0 	1 	0 	0 	0 	0 	2.0455 		 	0.3125
142 	0 	0 	0 	0 	0 	0 	0 	0 	0 	0 	0 	3 	1 	0 	0 	1 	0 	0 	0 	0 	2.0455 		 	0.3125
143 	0 	0 	0 	0 	1 	0 	0 	1 	0 	0 	0 	0 	0 	0 	0 	0 	0 	3 	0 	0 	2.0455 		 	0.3125
144 	0 	0 	4 	0 	0 	12 	0 	0 	0 	0 	0 	0 	0 	0 	0 	0 	0 	0 	0 	0 	2.4334 		 	1.0000
145 	0 	0 	10 	0 	0 	6 	0 	0 	0 	0 	0 	0 	0 	0 	0 	0 	0 	0 	0 	0 	2.3342 		 	1.0000
146 	0 	0 	0 	0 	11 	0 	0 	4 	0 	0 	0 	0 	0 	0 	0 	0 	0 	0 	0 	1 	2.2183 		 	1.0000
147 	0 	0 	0 	0 	0 	0 	0 	0 	0 	0 	0 	16 	0 	0 	0 	0 	0 	0 	0 	0 	2.9957 		 	1.0000
148 	0 	0 	0 	0 	10 	0 	0 	0 	0 	6 	0 	0 	0 	0 	0 	0 	0 	0 	0 	0 	2.3342 		 	1.0000
149 	0 	0 	0 	0 	0 	0 	0 	0 	0 	0 	0 	0 	0 	0 	0 	11 	5 	0 	0 	0 	2.3746 		 	1.0000
150 	0 	0 	0 	0 	0 	0 	0 	0 	0 	4 	1 	0 	3 	6 	0 	2 	0 	0 	0 	0 	1.5343 		 	1.0000
151 	0 	0 	0 	0 	0 	0 	0 	6 	0 	6 	0 	0 	0 	0 	0 	0 	0 	4 	0 	0 	1.9135 		 	1.0000
152 	0 	0 	0 	2 	0 	0 	0 	1 	0 	10 	0 	0 	0 	3 	0 	0 	0 	0 	0 	0 	1.9549 		 	1.0000
153 	0 	0 	0 	0 	0 	4 	0 	1 	0 	0 	0 	0 	9 	0 	0 	0 	0 	2 	0 	0 	1.8923 		 	1.0000
154 	0 	4 	0 	0 	0 	0 	0 	0 	0 	0 	0 	0 	0 	0 	0 	1 	0 	0 	0 	0 	2.4953 		 	0.3125
155 	0 	0 	0 	0 	0 	0 	0 	1 	0 	4 	0 	0 	0 	0 	0 	0 	0 	0 	0 	0 	2.4953 		 	0.3125
156 	0 	0 	0 	0 	0 	4 	0 	0 	0 	0 	0 	0 	0 	0 	0 	0 	0 	0 	0 	0 	2.9957 		 	0.2500
157 	0 	0 	0 	0 	0 	0 	0 	0 	0 	0 	0 	0 	0 	0 	0 	4 	0 	0 	0 	0 	2.9957 		 	0.2500
158 	0 	0 	0 	3 	0 	0 	0 	0 	0 	0 	0 	0 	0 	0 	0 	0 	1 	0 	0 	0 	2.4334 		 	0.2500
159 	0 	4 	0 	0 	0 	0 	0 	0 	0 	0 	0 	0 	0 	0 	0 	0 	0 	0 	0 	0 	2.9957 		 	0.2500
160 	1 	0 	0 	0 	0 	0 	0 	0 	0 	0 	0 	0 	0 	0 	0 	3 	0 	0 	0 	0 	2.4334 		 	0.2500
161 	0 	0 	0 	1 	0 	0 	0 	0 	3 	0 	0 	0 	0 	0 	0 	0 	0 	0 	0 	0 	2.4334 		 	0.2500
162 	3 	0 	7 	0 	0 	0 	0 	0 	0 	0 	0 	0 	3 	0 	0 	0 	0 	2 	0 	0 	1.7276 		 	0.9375
163 	0 	0 	0 	0 	0 	1 	0 	0 	0 	0 	0 	0 	7 	3 	0 	2 	0 	0 	0 	0 	1.8387 		 	0.8125
164 	0 	0 	0 	0 	0 	0 	0 	4 	0 	3 	0 	1 	0 	0 	0 	3 	1 	1 	0 	0 	1.3644 		 	0.8125
165 	0 	0 	0 	0 	0 	3 	0 	0 	6 	0 	0 	0 	0 	0 	0 	3 	1 	0 	0 	0 	1.7648 		 	0.8125
166 	0 	0 	0 	0 	0 	3 	0 	0 	0 	0 	0 	0 	1 	0 	0 	0 	3 	0 	0 	0 	1.9915 		 	0.4375
167 	0 	0 	0 	0 	0 	3 	0 	0 	0 	0 	0 	0 	0 	0 	0 	4 	0 	0 	0 	0 	2.3128 		 	0.4375
168 	1 	0 	0 	1 	0 	0 	0 	0 	0 	0 	0 	0 	0 	0 	1 	3 	0 	0 	0 	0 	1.7533 		 	0.3750
169 	0 	0 	0 	0 	0 	0 	0 	1 	0 	0 	0 	0 	6 	0 	3 	1 	0 	1 	0 	0 	1.6814 		 	0.7500
170 	1 	0 	0 	0 	0 	0 	0 	0 	1 	0 	0 	0 	0 	0 	1 	7 	6 	0 	0 	0 	1.7464 		 	1.0000
171 	2 	0 	0 	0 	0 	2 	0 	0 	6 	0 	0 	0 	0 	0 	0 	3 	0 	0 	0 	3 	1.4803 		 	1.0000
172 	0 	0 	0 	0 	0 	0 	0 	0 	0 	0 	0 	0 	0 	0 	16 	0 	0 	0 	0 	0 	2.9957 		 	1.0000
173 	0 	0 	0 	0 	0 	0 	0 	0 	0 	0 	0 	0 	0 	0 	0 	16 	0 	0 	0 	0 	2.9957 		 	1.0000
174 	9 	0 	0 	0 	6 	0 	0 	0 	0 	0 	0 	0 	0 	0 	0 	0 	1 	0 	0 	0 	2.1310 		 	1.0000
175 	0 	0 	0 	0 	0 	0 	0 	16 	0 	0 	0 	0 	0 	0 	0 	0 	0 	0 	0 	0 	2.9957 		 	1.0000
176 	0 	0 	0 	16 	0 	0 	0 	0 	0 	0 	0 	0 	0 	0 	0 	0 	0 	0 	0 	0 	2.9957 		 	1.0000
177 	0 	0 	16 	0 	0 	0 	0 	0 	0 	0 	0 	0 	0 	0 	0 	0 	0 	0 	0 	0 	2.9957 		 	1.0000
178 	0 	0 	0 	0 	0 	0 	0 	1 	0 	15 	0 	0 	0 	0 	0 	0 	0 	0 	0 	0 	2.7619 		 	1.0000
179 	0 	0 	0 	0 	0 	0 	0 	0 	0 	16 	0 	0 	0 	0 	0 	0 	0 	0 	0 	0 	2.9957 		 	1.0000
180 	0 	0 	0 	0 	16 	0 	0 	0 	0 	0 	0 	0 	0 	0 	0 	0 	0 	0 	0 	0 	2.9957 		 	1.0000
181 	0 	0 	8 	0 	0 	0 	0 	0 	0 	0 	0 	7 	0 	0 	0 	1 	0 	0 	0 	0 	2.1142 		 	1.0000
182 	0 	0 	0 	0 	0 	0 	0 	0 	16 	0 	0 	0 	0 	0 	0 	0 	0 	0 	0 	0 	2.9957 		 	1.0000
183 	0 	0 	0 	0 	0 	0 	0 	0 	0 	1 	0 	0 	0 	0 	0 	0 	0 	15 	0 	0 	2.7619 		 	1.0000
184 	0 	0 	0 	0 	0 	0 	0 	0 	4 	0 	0 	0 	0 	0 	0 	0 	11 	1 	0 	0 	2.2183 		 	1.0000
185 	0 	0 	0 	0 	0 	0 	0 	5 	0 	10 	0 	0 	0 	0 	0 	0 	1 	0 	0 	0 	2.1652 		 	1.0000
186 	11 	0 	0 	0 	0 	0 	0 	0 	0 	0 	0 	0 	0 	0 	0 	5 	0 	0 	0 	0 	2.3746 		 	1.0000
187 	0 	0 	15 	0 	0 	1 	0 	0 	0 	0 	0 	0 	0 	0 	0 	0 	0 	0 	0 	0 	2.7619 		 	1.0000
188 	6 	0 	0 	0 	0 	0 	0 	0 	0 	1 	0 	0 	5 	0 	0 	0 	0 	4 	0 	0 	1.7446 		 	1.0000
189 	0 	0 	0 	0 	0 	16 	0 	0 	0 	0 	0 	0 	0 	0 	0 	0 	0 	0 	0 	0 	2.9957 		 	1.0000
190 	0 	0 	0 	0 	10 	0 	0 	0 	0 	0 	0 	0 	0 	0 	0 	0 	1 	0 	0 	5 	2.1652 		 	1.0000
191 	0 	0 	0 	0 	0 	0 	0 	0 	0 	0 	11 	0 	0 	0 	0 	0 	0 	5 	0 	0 	2.3746 		 	1.0000
192 	1 	0 	1 	3 	0 	0 	0 	0 	6 	0 	0 	0 	0 	5 	0 	0 	0 	0 	0 	0 	1.6040 		 	1.0000
193 	1 	0 	0 	0 	0 	0 	0 	0 	0 	0 	0 	0 	0 	0 	0 	0 	0 	0 	0 	0 	2.9957 		 	0.0625
194 	4 	0 	1 	0 	0 	5 	0 	0 	0 	0 	0 	0 	0 	6 	0 	0 	0 	0 	0 	0 	1.7446 		 	1.0000
195 	0 	0 	0 	0 	0 	0 	0 	0 	0 	0 	0 	0 	0 	0 	0 	0 	0 	0 	0 	16 	2.9957 		 	1.0000
196 	0 	0 	5 	0 	0 	6 	0 	0 	1 	0 	0 	4 	0 	0 	0 	0 	0 	0 	0 	0 	1.7446 		 	1.0000
197 	0 	0 	5 	6 	0 	0 	0 	0 	1 	0 	0 	4 	0 	0 	0 	0 	0 	0 	0 	0 	1.7446 		 	1.0000
198 	0 	16 	0 	0 	0 	0 	0 	0 	0 	0 	0 	0 	0 	0 	0 	0 	0 	0 	0 	0 	2.9957 		 	1.0000
199 	0 	0 	0 	0 	0 	0 	0 	0 	0 	6 	5 	0 	0 	0 	0 	0 	5 	0 	0 	0 	1.9010 		 	1.0000
200 	0 	0 	0 	0 	0 	0 	0 	0 	2 	0 	0 	0 	0 	3 	0 	0 	0 	0 	0 	0 	2.3227 		 	0.3125
201 	0 	0 	0 	0 	0 	0 	0 	0 	0 	0 	0 	0 	0 	5 	0 	0 	0 	0 	0 	0 	2.9957 		 	0.3125
202 	0 	0 	0 	0 	0 	15 	0 	0 	1 	0 	0 	0 	0 	0 	0 	0 	0 	0 	0 	0 	2.7619 		 	1.0000
203 	0 	0 	6 	0 	0 	5 	0 	0 	0 	0 	0 	0 	5 	0 	0 	0 	0 	0 	0 	0 	1.9010 		 	1.0000
204 	5 	0 	0 	0 	0 	0 	0 	5 	0 	1 	0 	0 	0 	4 	0 	0 	0 	1 	0 	0 	1.5756 		 	1.0000
205 	0 	0 	0 	4 	0 	0 	0 	0 	0 	0 	0 	3 	0 	0 	0 	9 	0 	0 	0 	0 	2.0116 		 	1.0000
206 	11 	0 	0 	0 	0 	0 	0 	4 	0 	0 	0 	0 	0 	0 	0 	0 	0 	1 	0 	0 	2.2183 		 	1.0000
207 	1 	0 	0 	0 	0 	0 	0 	0 	0 	0 	0 	0 	0 	0 	15 	0 	0 	0 	0 	0 	2.7619 		 	1.0000
208 	0 	0 	16 	0 	0 	0 	0 	0 	0 	0 	0 	0 	0 	0 	0 	0 	0 	0 	0 	0 	2.9957 		 	1.0000
209 	0 	0 	0 	0 	0 	0 	0 	0 	0 	16 	0 	0 	0 	0 	0 	0 	0 	0 	0 	0 	2.9957 		 	1.0000
210 	1 	0 	0 	0 	0 	0 	0 	14 	0 	1 	0 	0 	0 	0 	0 	0 	0 	0 	0 	0 	2.5323 		 	1.0000
211 	0 	16 	0 	0 	0 	0 	0 	0 	0 	0 	0 	0 	0 	0 	0 	0 	0 	0 	0 	0 	2.9957 		 	1.0000
212 	12 	0 	0 	0 	0 	0 	0 	0 	0 	0 	0 	0 	0 	0 	0 	0 	0 	4 	0 	0 	2.4334 		 	1.0000
213 	0 	0 	0 	0 	0 	0 	0 	0 	0 	0 	0 	0 	0 	16 	0 	0 	0 	0 	0 	0 	2.9957 		 	1.0000
214 	0 	0 	0 	0 	0 	0 	0 	0 	6 	0 	0 	0 	0 	0 	0 	4 	0 	0 	0 	6 	1.9135 		 	1.0000
215 	0 	0 	0 	0 	7 	0 	0 	0 	0 	0 	0 	0 	0 	0 	0 	0 	0 	5 	0 	4 	1.9240 		 	1.0000
216 	3 	0 	0 	0 	0 	0 	0 	0 	3 	0 	0 	8 	0 	0 	0 	2 	0 	0 	0 	0 	1.7615 		 	1.0000
217 	0 	0 	0 	0 	0 	16 	0 	0 	0 	0 	0 	0 	0 	0 	0 	0 	0 	0 	0 	0 	2.9957 		 	1.0000
218 	0 	0 	0 	0 	0 	0 	0 	5 	0 	6 	0 	0 	0 	0 	0 	0 	0 	0 	0 	5 	1.9010 		 	1.0000
219 	0 	0 	0 	0 	0 	0 	0 	0 	9 	0 	1 	0 	0 	0 	0 	0 	6 	0 	0 	0 	2.1310 		 	1.0000
220 	0 	0 	0 	0 	0 	0 	0 	0 	0 	0 	0 	0 	0 	0 	0 	0 	0 	16 	0 	0 	2.9957 		 	1.0000
221 	0 	0 	0 	0 	0 	0 	0 	0 	0 	16 	0 	0 	0 	0 	0 	0 	0 	0 	0 	0 	2.9957 		 	1.0000
222 	0 	0 	0 	0 	0 	0 	0 	0 	0 	0 	0 	0 	16 	0 	0 	0 	0 	0 	0 	0 	2.9957 		 	1.0000
223 	0 	0 	0 	0 	0 	1 	0 	0 	0 	0 	0 	0 	15 	0 	0 	0 	0 	0 	0 	0 	2.7619 		 	1.0000
224 	0 	0 	0 	0 	0 	0 	0 	0 	0 	14 	0 	0 	0 	0 	0 	0 	0 	2 	0 	0 	2.6190 		 	1.0000
225 	1 	0 	0 	0 	0 	0 	0 	0 	0 	10 	2 	0 	0 	0 	0 	0 	0 	0 	0 	3 	1.9549 		 	1.0000
226 	0 	0 	6 	0 	0 	0 	0 	0 	0 	0 	0 	0 	0 	0 	0 	4 	6 	0 	0 	0 	1.9135 		 	1.0000
227 	1 	0 	6 	4 	0 	0 	0 	0 	0 	0 	0 	0 	3 	0 	0 	0 	0 	2 	0 	0 	1.5343 		 	1.0000
228 	0 	0 	3 	4 	0 	0 	0 	0 	0 	0 	0 	7 	0 	0 	0 	1 	0 	0 	0 	1 	1.6270 		 	1.0000
229 	0 	0 	0 	0 	0 	0 	0 	0 	0 	0 	11 	0 	0 	4 	1 	0 	0 	0 	0 	0 	2.2183 		 	1.0000
230 	0 	0 	0 	5 	0 	0 	0 	9 	0 	0 	1 	0 	0 	0 	0 	0 	0 	1 	0 	0 	1.9620 		 	1.0000
231 	12 	0 	0 	0 	0 	0 	0 	0 	0 	0 	0 	0 	0 	0 	0 	4 	0 	0 	0 	0 	2.4334 		 	1.0000
232 	11 	0 	0 	0 	0 	4 	0 	0 	0 	0 	1 	0 	0 	0 	0 	0 	0 	0 	0 	0 	2.2183 		 	1.0000
233 	0 	0 	0 	0 	0 	0 	0 	0 	0 	0 	0 	0 	0 	0 	0 	0 	0 	0 	0 	16 	2.9957 		 	1.0000
234 	0 	0 	0 	0 	0 	0 	0 	0 	0 	0 	0 	0 	0 	0 	0 	0 	16 	0 	0 	0 	2.9957 		 	1.0000
235 	6 	0 	0 	0 	0 	1 	0 	0 	0 	3 	0 	0 	0 	0 	0 	5 	1 	0 	0 	0 	1.6040 		 	1.0000
236 	9 	0 	0 	0 	0 	1 	0 	0 	0 	0 	0 	0 	0 	0 	0 	6 	0 	0 	0 	0 	2.1310 		 	1.0000
237 	4 	0 	0 	0 	0 	0 	0 	0 	0 	12 	0 	0 	0 	0 	0 	0 	0 	0 	0 	0 	2.4334 		 	1.0000
238 	0 	0 	0 	0 	0 	0 	0 	1 	0 	5 	0 	0 	0 	0 	0 	0 	4 	6 	0 	0 	1.7446 		 	1.0000
239 	1 	0 	0 	0 	0 	6 	0 	0 	0 	0 	0 	0 	0 	0 	0 	9 	0 	0 	0 	0 	2.1310 		 	1.0000
240 	4 	0 	0 	0 	0 	7 	0 	0 	0 	0 	0 	0 	0 	0 	0 	5 	0 	0 	0 	0 	1.9240 		 	1.0000
241 	1 	0 	0 	0 	0 	0 	0 	6 	0 	0 	0 	0 	0 	0 	0 	3 	6 	0 	0 	0 	1.7730 		 	1.0000
242 	12 	0 	0 	0 	0 	0 	0 	0 	0 	3 	1 	0 	0 	0 	0 	0 	0 	0 	0 	0 	2.2928 		 	1.0000
243 	0 	0 	0 	0 	4 	5 	0 	0 	0 	1 	0 	0 	0 	0 	0 	0 	6 	0 	0 	0 	1.7446 		 	1.0000
244 	9 	0 	0 	0 	0 	1 	0 	0 	0 	0 	0 	0 	4 	0 	0 	0 	0 	2 	0 	0 	1.8923 		 	1.0000
245 	0 	0 	0 	0 	0 	11 	0 	0 	0 	0 	0 	0 	4 	0 	0 	1 	0 	0 	0 	0 	2.2183 		 	1.0000
246 	0 	0 	0 	0 	0 	0 	0 	0 	0 	1 	0 	0 	0 	0 	0 	0 	0 	0 	15 	0 	2.7619 		 	1.0000
247 	0 	0 	0 	0 	0 	0 	0 	0 	0 	0 	0 	0 	0 	0 	0 	1 	15 	0 	0 	0 	2.7619 		 	1.0000
248 	9 	0 	0 	0 	6 	0 	0 	0 	0 	0 	0 	0 	0 	0 	0 	1 	0 	0 	0 	0 	2.1310 		 	1.0000
249 	0 	0 	0 	0 	0 	11 	0 	0 	0 	0 	0 	0 	0 	0 	0 	0 	0 	0 	0 	0 	2.9957 		 	0.6875
250 	6 	0 	0 	0 	0 	0 	0 	0 	0 	5 	0 	0 	0 	0 	0 	0 	0 	0 	0 	0 	2.3067 		 	0.6875
251 	0 	0 	0 	0 	0 	6 	0 	0 	0 	0 	0 	0 	0 	0 	0 	5 	0 	0 	0 	0 	2.3067 		 	0.6875
252 	4 	0 	0 	0 	0 	0 	0 	0 	0 	0 	0 	0 	0 	0 	0 	7 	0 	0 	0 	0 	2.3403 		 	0.6875
253 	11 	0 	0 	0 	5 	0 	0 	0 	0 	0 	0 	0 	0 	0 	0 	0 	0 	0 	0 	0 	2.3746 		 	1.0000
254 	9 	0 	0 	0 	0 	0 	0 	0 	0 	6 	0 	0 	0 	0 	0 	0 	0 	1 	0 	0 	2.1310 		 	1.0000
255 	5 	0 	0 	0 	0 	4 	0 	0 	0 	0 	0 	0 	0 	6 	0 	1 	0 	0 	0 	0 	1.7446 		 	1.0000
256 	0 	0 	0 	0 	0 	0 	0 	12 	0 	0 	0 	0 	0 	0 	0 	0 	0 	4 	0 	0 	2.4334 		 	1.0000
257 	0 	0 	0 	0 	0 	0 	0 	0 	0 	0 	0 	0 	16 	0 	0 	0 	0 	0 	0 	0 	2.9957 		 	1.0000
258 	0 	0 	0 	0 	16 	0 	0 	0 	0 	0 	0 	0 	0 	0 	0 	0 	0 	0 	0 	0 	2.9957 		 	1.0000
259 	11 	0 	0 	0 	0 	0 	0 	0 	0 	0 	0 	0 	0 	0 	0 	2 	0 	0 	0 	3 	2.1643 		 	1.0000
260 	0 	0 	0 	0 	0 	0 	0 	0 	0 	5 	6 	0 	0 	5 	0 	0 	0 	0 	0 	0 	1.9010 		 	1.0000
261 	1 	0 	0 	0 	0 	0 	0 	0 	0 	0 	0 	3 	0 	6 	0 	6 	0 	0 	0 	0 	1.7730 		 	1.0000
262 	0 	0 	0 	0 	0 	0 	0 	4 	0 	0 	8 	0 	0 	0 	0 	0 	0 	4 	0 	0 	1.9560 		 	1.0000
263 	6 	0 	0 	0 	5 	0 	0 	0 	0 	0 	0 	0 	0 	5 	0 	0 	0 	0 	0 	0 	1.9010 		 	1.0000
264 	1 	0 	0 	0 	0 	0 	0 	0 	0 	0 	0 	0 	0 	0 	0 	0 	0 	0 	0 	15 	2.7619 		 	1.0000
265 	0 	0 	0 	0 	0 	0 	0 	0 	0 	0 	0 	0 	0 	0 	16 	0 	0 	0 	0 	0 	2.9957 		 	1.0000
266 	0 	0 	0 	0 	6 	0 	0 	4 	0 	6 	0 	0 	0 	0 	0 	0 	0 	0 	0 	0 	1.9135 		 	1.0000
267 	0 	0 	0 	0 	0 	0 	0 	0 	0 	0 	0 	16 	0 	0 	0 	0 	0 	0 	0 	0 	2.9957 		 	1.0000
268 	0 	0 	0 	0 	0 	15 	0 	0 	0 	0 	0 	0 	0 	0 	0 	0 	0 	0 	0 	1 	2.7619 		 	1.0000
269 	0 	0 	0 	0 	0 	0 	0 	6 	0 	4 	0 	0 	0 	0 	0 	0 	0 	6 	0 	0 	1.9135 		 	1.0000
270 	1 	0 	0 	0 	0 	15 	0 	0 	0 	0 	0 	0 	0 	0 	0 	0 	0 	0 	0 	0 	2.7619 		 	1.0000
271 	0 	0 	0 	0 	0 	0 	0 	5 	0 	1 	0 	0 	0 	0 	0 	0 	0 	10 	0 	0 	2.1652 		 	1.0000
272 	0 	0 	0 	0 	0 	0 	0 	0 	0 	0 	0 	0 	0 	1 	0 	0 	15 	0 	0 	0 	2.7619 		 	1.0000
273 	0 	0 	0 	0 	0 	0 	0 	0 	0 	0 	4 	0 	0 	11 	0 	0 	1 	0 	0 	0 	2.2183 		 	1.0000
274 	0 	0 	4 	0 	0 	0 	0 	0 	0 	0 	0 	7 	0 	5 	0 	0 	0 	0 	0 	0 	1.9240 		 	1.0000
275 	0 	0 	0 	0 	0 	0 	0 	0 	0 	0 	0 	0 	0 	0 	0 	0 	0 	16 	0 	0 	2.9957 		 	1.0000
276 	0 	0 	0 	0 	0 	0 	0 	0 	0 	16 	0 	0 	0 	0 	0 	0 	0 	0 	0 	0 	2.9957 		 	1.0000
277 	0 	0 	0 	0 	0 	0 	0 	0 	0 	0 	0 	0 	0 	1 	0 	9 	0 	0 	0 	6 	2.1310 		 	1.0000
278 	0 	0 	0 	13 	0 	0 	0 	0 	0 	0 	0 	0 	0 	3 	0 	0 	0 	0 	0 	0 	2.5132 		 	1.0000
279 	0 	0 	0 	0 	0 	0 	0 	0 	0 	0 	0 	16 	0 	0 	0 	0 	0 	0 	0 	0 	2.9957 		 	1.0000
280 	0 	0 	0 	0 	0 	0 	0 	0 	0 	0 	0 	0 	0 	16 	0 	0 	0 	0 	0 	0 	2.9957 		 	1.0000
281 	0 	0 	0 	0 	0 	0 	0 	0 	16 	0 	0 	0 	0 	0 	0 	0 	0 	0 	0 	0 	2.9957 		 	1.0000
282 	0 	0 	0 	0 	0 	0 	0 	2 	0 	8 	1 	0 	0 	5 	0 	0 	0 	0 	0 	0 	1.8525 		 	1.0000
283 	0 	0 	0 	0 	0 	0 	0 	15 	0 	1 	0 	0 	0 	0 	0 	0 	0 	0 	0 	0 	2.7619 		 	1.0000
284 	16 	0 	0 	0 	0 	0 	0 	0 	0 	0 	0 	0 	0 	0 	0 	0 	0 	0 	0 	0 	2.9957 		 	1.0000
285 	1 	0 	0 	0 	0 	0 	0 	0 	0 	0 	0 	14 	0 	0 	0 	1 	0 	0 	0 	0 	2.5323 		 	1.0000
286 	4 	0 	0 	0 	0 	0 	0 	0 	5 	0 	0 	0 	0 	6 	0 	1 	0 	0 	0 	0 	1.7446 		 	1.0000
287 	0 	0 	0 	0 	16 	0 	0 	0 	0 	0 	0 	0 	0 	0 	0 	0 	0 	0 	0 	0 	2.9957 		 	1.0000
288 	0 	0 	0 	0 	0 	0 	0 	0 	0 	0 	0 	16 	0 	0 	0 	0 	0 	0 	0 	0 	2.9957 		 	1.0000
289 	0 	0 	0 	0 	0 	0 	0 	0 	6 	0 	0 	4 	0 	5 	0 	1 	0 	0 	0 	0 	1.7446 		 	1.0000
290 	16 	0 	0 	0 	0 	0 	0 	0 	0 	0 	0 	0 	0 	0 	0 	0 	0 	0 	0 	0 	2.9957 		 	1.0000
291 	0 	0 	0 	0 	0 	0 	0 	6 	0 	9 	1 	0 	0 	0 	0 	0 	0 	0 	0 	0 	2.1310 		 	1.0000
292 	0 	0 	1 	0 	0 	7 	0 	0 	0 	0 	0 	0 	0 	0 	0 	5 	1 	0 	0 	2 	1.6641 		 	1.0000
293 	9 	0 	0 	0 	0 	0 	0 	0 	1 	0 	0 	1 	0 	5 	0 	0 	0 	0 	0 	0 	1.9620 		 	1.0000
294 	0 	0 	0 	0 	0 	0 	0 	11 	0 	0 	5 	0 	0 	0 	0 	0 	0 	0 	0 	0 	2.3746 		 	1.0000
295 	0 	0 	0 	0 	0 	0 	0 	0 	0 	0 	0 	0 	0 	15 	0 	0 	0 	1 	0 	0 	2.7619 		 	1.0000
296 	0 	0 	2 	8 	0 	0 	0 	0 	0 	0 	0 	0 	0 	1 	0 	0 	5 	0 	0 	0 	1.8525 		 	1.0000
297 	1 	0 	0 	0 	0 	9 	0 	0 	0 	0 	0 	0 	0 	0 	0 	6 	0 	0 	0 	0 	2.1310 		 	1.0000
298 	0 	0 	0 	0 	10 	0 	0 	0 	0 	6 	0 	0 	0 	0 	0 	0 	0 	0 	0 	0 	2.3342 		 	1.0000
299 	0 	0 	4 	0 	0 	0 	0 	0 	0 	0 	0 	0 	0 	0 	0 	1 	11 	0 	0 	0 	2.2183 		 	1.0000
300 	4 	0 	0 	0 	0 	1 	0 	0 	0 	0 	0 	0 	0 	0 	0 	1 	10 	0 	0 	0 	2.0088 		 	1.0000
301 	0 	0 	0 	0 	0 	0 	0 	0 	0 	0 	0 	0 	0 	0 	0 	2 	13 	1 	0 	0 	2.3938 		 	1.0000
302 	0 	0 	0 	0 	0 	0 	0 	0 	0 	0 	0 	1 	0 	0 	0 	0 	0 	0 	0 	0 	2.9957 		 	0.0625
303 	0 	0 	1 	0 	0 	0 	0 	0 	0 	0 	0 	0 	0 	0 	0 	0 	0 	0 	0 	0 	2.9957 		 	0.0625
304 	1 	0 	0 	0 	0 	0 	0 	0 	0 	0 	0 	0 	0 	0 	0 	0 	0 	0 	0 	0 	2.9957 		 	0.0625
305 	0 	0 	0 	0 	0 	0 	0 	1 	0 	0 	0 	0 	0 	0 	0 	0 	0 	0 	0 	0 	2.9957 		 	0.0625
306 	0 	0 	0 	0 	0 	0 	0 	0 	0 	0 	0 	0 	0 	0 	0 	0 	1 	0 	0 	0 	2.9957 		 	0.0625
307 	0 	0 	0 	0 	0 	0 	0 	0 	0 	0 	0 	0 	0 	1 	0 	0 	0 	0 	0 	0 	2.9957 		 	0.0625
308 	0 	0 	0 	0 	0 	0 	0 	0 	0 	0 	0 	0 	0 	0 	0 	0 	1 	0 	0 	0 	2.9957 		 	0.0625
309 	0 	0 	0 	0 	0 	0 	0 	0 	0 	0 	0 	0 	0 	0 	0 	1 	0 	0 	0 	0 	2.9957 		 	0.0625
310 	0 	0 	0 	0 	0 	0 	0 	0 	0 	0 	0 	0 	0 	1 	0 	0 	0 	0 	0 	0 	2.9957 		 	0.0625
311 	1 	0 	0 	0 	0 	0 	0 	0 	0 	0 	0 	0 	0 	0 	0 	0 	0 	0 	0 	0 	2.9957 		 	0.0625
312 	0 	0 	0 	0 	0 	0 	0 	0 	0 	1 	0 	0 	0 	0 	0 	0 	0 	0 	0 	0 	2.9957 		 	0.0625
313 	0 	0 	0 	0 	0 	0 	0 	0 	0 	0 	0 	0 	0 	1 	0 	0 	0 	0 	0 	0 	2.9957 		 	0.0625
314 	0 	0 	0 	0 	0 	0 	0 	0 	0 	0 	0 	0 	0 	0 	0 	0 	1 	0 	0 	0 	2.9957 		 	0.0625
315 	0 	0 	0 	0 	0 	0 	0 	0 	0 	0 	0 	0 	0 	0 	0 	0 	0 	1 	0 	0 	2.9957 		 	0.0625
316 	2 	0 	0 	0 	0 	0 	0 	0 	0 	0 	0 	9 	0 	0 	0 	5 	0 	0 	0 	0 	2.0487 		 	1.0000
317 	0 	0 	0 	2 	0 	0 	0 	0 	0 	3 	0 	0 	0 	0 	0 	5 	6 	0 	0 	0 	1.6906 		 	1.0000
318 	16 	0 	0 	0 	0 	0 	0 	0 	0 	0 	0 	0 	0 	0 	0 	0 	0 	0 	0 	0 	2.9957 		 	1.0000
319 	0 	0 	0 	0 	5 	0 	0 	0 	0 	11 	0 	0 	0 	0 	0 	0 	0 	0 	0 	0 	2.3746 		 	1.0000
320 	0 	0 	0 	0 	0 	7 	1 	0 	0 	0 	0 	2 	0 	0 	1 	2 	0 	3 	0 	0 	1.4538 		 	1.0000
321 	0 	0 	0 	0 	0 	0 	0 	0 	16 	0 	0 	0 	0 	0 	0 	0 	0 	0 	0 	0 	2.9957 		 	1.0000
322 	0 	0 	0 	0 	0 	0 	0 	5 	0 	6 	0 	0 	0 	0 	0 	0 	0 	5 	0 	0 	1.9010 		 	1.0000
323 	0 	0 	0 	0 	0 	0 	0 	0 	0 	0 	0 	0 	0 	16 	0 	0 	0 	0 	0 	0 	2.9957 		 	1.0000
324 	3 	0 	12 	0 	0 	0 	0 	0 	0 	0 	0 	0 	0 	0 	0 	1 	0 	0 	0 	0 	2.2928 		 	1.0000
325 	5 	0 	0 	0 	0 	0 	0 	0 	0 	0 	0 	0 	0 	0 	0 	0 	0 	11 	0 	0 	2.3746 		 	1.0000
326 	0 	0 	0 	0 	0 	0 	0 	0 	0 	0 	0 	0 	0 	0 	0 	0 	0 	16 	0 	0 	2.9957 		 	1.0000
327 	0 	0 	0 	0 	0 	0 	0 	0 	0 	0 	0 	16 	0 	0 	0 	0 	0 	0 	0 	0 	2.9957 		 	1.0000
328 	7 	0 	1 	0 	0 	0 	0 	0 	0 	0 	0 	2 	0 	6 	0 	0 	0 	0 	0 	0 	1.8330 		 	1.0000
329 	0 	0 	0 	0 	0 	0 	0 	0 	0 	0 	0 	15 	0 	1 	0 	0 	0 	0 	0 	0 	2.7619 		 	1.0000
330 	15 	0 	0 	0 	0 	1 	0 	0 	0 	0 	0 	0 	0 	0 	0 	0 	0 	0 	0 	0 	2.7619 		 	1.0000
331 	0 	0 	0 	4 	0 	0 	0 	0 	0 	0 	1 	1 	0 	10 	0 	0 	0 	0 	0 	0 	2.0088 		 	1.0000
332 	15 	0 	0 	0 	0 	0 	0 	0 	0 	0 	0 	0 	0 	0 	0 	1 	0 	0 	0 	0 	2.7619 		 	1.0000
333 	0 	0 	0 	0 	0 	0 	0 	0 	0 	16 	0 	0 	0 	0 	0 	0 	0 	0 	0 	0 	2.9957 		 	1.0000
334 	0 	0 	0 	0 	0 	0 	0 	0 	0 	0 	0 	11 	0 	0 	0 	5 	0 	0 	0 	0 	2.3746 		 	1.0000
335 	0 	0 	0 	0 	0 	0 	1 	0 	5 	0 	0 	4 	0 	0 	0 	0 	6 	0 	0 	0 	1.7446 		 	1.0000
336 	0 	0 	0 	0 	0 	0 	0 	0 	0 	16 	0 	0 	0 	0 	0 	0 	0 	0 	0 	0 	2.9957 		 	1.0000
337 	5 	0 	0 	0 	0 	0 	0 	0 	0 	4 	0 	0 	0 	0 	0 	0 	1 	6 	0 	0 	1.7446 		 	1.0000
338 	1 	0 	0 	0 	0 	0 	0 	0 	6 	0 	0 	1 	0 	3 	0 	5 	0 	0 	0 	0 	1.6040 		 	1.0000
339 	0 	0 	0 	5 	0 	0 	0 	0 	0 	0 	0 	0 	0 	11 	0 	0 	0 	0 	0 	0 	2.3746 		 	1.0000
340 	0 	0 	0 	0 	0 	0 	0 	0 	0 	16 	0 	0 	0 	0 	0 	0 	0 	0 	0 	0 	2.9957 		 	1.0000
341 	0 	0 	0 	0 	0 	0 	0 	0 	0 	0 	0 	0 	0 	0 	1 	15 	0 	0 	0 	0 	2.7619 		 	1.0000
342 	0 	0 	0 	0 	0 	0 	0 	0 	0 	0 	0 	9 	0 	1 	0 	6 	0 	0 	0 	0 	2.1310 		 	1.0000
343 	0 	0 	0 	0 	0 	0 	0 	0 	0 	0 	0 	7 	0 	0 	4 	0 	5 	0 	0 	0 	1.9240 		 	1.0000
344 	0 	0 	0 	0 	16 	0 	0 	0 	0 	0 	0 	0 	0 	0 	0 	0 	0 	0 	0 	0 	2.9957 		 	1.0000
345 	0 	0 	0 	0 	0 	15 	0 	0 	0 	0 	0 	0 	0 	1 	0 	0 	0 	0 	0 	0 	2.7619 		 	1.0000
346 	16 	0 	0 	0 	0 	0 	0 	0 	0 	0 	0 	0 	0 	0 	0 	0 	0 	0 	0 	0 	2.9957 		 	1.0000
347 	0 	0 	0 	0 	0 	0 	0 	16 	0 	0 	0 	0 	0 	0 	0 	0 	0 	0 	0 	0 	2.9957 		 	1.0000
348 	0 	0 	0 	0 	0 	0 	0 	0 	0 	0 	0 	0 	0 	0 	0 	16 	0 	0 	0 	0 	2.9957 		 	1.0000
349 	5 	0 	0 	0 	0 	0 	0 	0 	0 	0 	0 	0 	0 	0 	0 	11 	0 	0 	0 	0 	2.3746 		 	1.0000
350 	0 	0 	0 	0 	0 	0 	0 	0 	0 	0 	0 	0 	0 	0 	0 	10 	0 	6 	0 	0 	2.3342 		 	1.0000
351 	0 	0 	0 	0 	0 	0 	0 	6 	0 	10 	0 	0 	0 	0 	0 	0 	0 	0 	0 	0 	2.3342 		 	1.0000
352 	0 	0 	0 	0 	0 	2 	0 	0 	0 	0 	0 	6 	0 	5 	0 	3 	0 	0 	0 	0 	1.6906 		 	1.0000
353 	1 	0 	11 	4 	0 	0 	0 	0 	0 	0 	0 	0 	0 	0 	0 	0 	0 	0 	0 	0 	2.2183 		 	1.0000
354 	0 	0 	0 	0 	0 	0 	0 	16 	0 	0 	0 	0 	0 	0 	0 	0 	0 	0 	0 	0 	2.9957 		 	1.0000
355 	0 	0 	0 	0 	0 	0 	0 	2 	0 	13 	0 	0 	0 	0 	0 	0 	0 	0 	0 	1 	2.3938 		 	1.0000
356 	3 	0 	1 	0 	0 	0 	0 	0 	0 	0 	0 	0 	0 	2 	0 	9 	1 	0 	0 	0 	1.7517 		 	1.0000
357 	0 	0 	0 	0 	0 	0 	0 	0 	0 	0 	0 	0 	0 	0 	16 	0 	0 	0 	0 	0 	2.9957 		 	1.0000
358 	0 	0 	0 	0 	0 	0 	0 	0 	0 	16 	0 	0 	0 	0 	0 	0 	0 	0 	0 	0 	2.9957 		 	1.0000
359 	0 	0 	15 	1 	0 	0 	0 	0 	0 	0 	0 	0 	0 	0 	0 	0 	0 	0 	0 	0 	2.7619 		 	1.0000
360 	4 	0 	0 	0 	0 	0 	0 	0 	6 	0 	0 	0 	0 	0 	0 	0 	4 	2 	0 	0 	1.6748 		 	1.0000
361 	0 	0 	0 	0 	0 	0 	0 	1 	0 	5 	0 	0 	0 	0 	0 	0 	0 	10 	0 	0 	2.1652 		 	1.0000
362 	0 	0 	0 	15 	0 	0 	0 	0 	0 	0 	0 	0 	0 	1 	0 	0 	0 	0 	0 	0 	2.7619 		 	1.0000
363 	11 	0 	0 	0 	0 	0 	0 	0 	0 	0 	0 	0 	0 	5 	0 	0 	0 	0 	0 	0 	2.3746 		 	1.0000
364 	0 	0 	5 	10 	0 	0 	0 	0 	1 	0 	0 	0 	0 	0 	0 	0 	0 	0 	0 	0 	2.1652 		 	1.0000
365 	9 	0 	0 	0 	0 	0 	0 	0 	0 	0 	0 	0 	0 	1 	0 	0 	0 	6 	0 	0 	2.1310 		 	1.0000
366 	0 	0 	0 	0 	0 	0 	0 	0 	0 	0 	0 	0 	0 	16 	0 	0 	0 	0 	0 	0 	2.9957 		 	1.0000
367 	0 	0 	0 	0 	0 	0 	0 	15 	0 	0 	0 	0 	0 	0 	0 	0 	0 	1 	0 	0 	2.7619 		 	1.0000
368 	0 	0 	16 	0 	0 	0 	0 	0 	0 	0 	0 	0 	0 	0 	0 	0 	0 	0 	0 	0 	2.9957 		 	1.0000
369 	0 	0 	0 	0 	0 	0 	0 	0 	0 	0 	0 	0 	0 	0 	16 	0 	0 	0 	0 	0 	2.9957 		 	1.0000
370 	0 	0 	0 	0 	0 	0 	0 	0 	0 	16 	0 	0 	0 	0 	0 	0 	0 	0 	0 	0 	2.9957 		 	1.0000
371 	0 	0 	0 	0 	0 	0 	0 	16 	0 	0 	0 	0 	0 	0 	0 	0 	0 	0 	0 	0 	2.9957 		 	1.0000
372 	0 	0 	0 	0 	0 	0 	0 	0 	0 	0 	0 	9 	0 	0 	0 	0 	7 	0 	0 	0 	2.3104 		 	1.0000
373 	0 	0 	0 	0 	0 	16 	0 	0 	0 	0 	0 	0 	0 	0 	0 	0 	0 	0 	0 	0 	2.9957 		 	1.0000
374 	0 	0 	0 	0 	0 	0 	0 	0 	0 	0 	0 	0 	0 	0 	16 	0 	0 	0 	0 	0 	2.9957 		 	1.0000
375 	0 	0 	0 	0 	0 	0 	0 	0 	0 	16 	0 	0 	0 	0 	0 	0 	0 	0 	0 	0 	2.9957 		 	1.0000
376 	1 	0 	0 	0 	0 	0 	0 	1 	0 	0 	0 	0 	0 	6 	0 	0 	8 	0 	0 	0 	1.9348 		 	1.0000
377 	5 	0 	0 	0 	0 	0 	0 	0 	0 	0 	0 	0 	0 	0 	0 	9 	2 	0 	0 	0 	2.0487 		 	1.0000
378 	0 	0 	0 	0 	0 	0 	0 	0 	0 	16 	0 	0 	0 	0 	0 	0 	0 	0 	0 	0 	2.9957 		 	1.0000
379 	0 	0 	0 	0 	0 	0 	0 	0 	0 	0 	0 	10 	0 	6 	0 	0 	0 	0 	0 	0 	2.3342 		 	1.0000
380 	9 	0 	0 	0 	0 	0 	0 	0 	0 	0 	0 	0 	0 	0 	0 	0 	6 	1 	0 	0 	2.1310 		 	1.0000
381 	0 	0 	0 	0 	6 	0 	0 	0 	0 	0 	0 	0 	0 	0 	0 	0 	0 	0 	0 	10 	2.3342 		 	1.0000
382 	0 	0 	0 	0 	0 	0 	0 	1 	0 	0 	0 	0 	0 	0 	0 	0 	0 	15 	0 	0 	2.7619 		 	1.0000
383 	3 	0 	0 	0 	0 	0 	0 	0 	0 	0 	0 	0 	0 	0 	0 	7 	6 	0 	0 	0 	1.9524 		 	1.0000
384 	0 	0 	0 	0 	0 	0 	1 	0 	1 	0 	0 	0 	0 	14 	0 	0 	0 	0 	0 	0 	2.5323 		 	1.0000
385 	0 	0 	0 	0 	0 	0 	0 	0 	0 	0 	0 	0 	0 	15 	0 	0 	1 	0 	0 	0 	2.7619 		 	1.0000
386 	0 	0 	0 	0 	0 	0 	0 	0 	0 	16 	0 	0 	0 	0 	0 	0 	0 	0 	0 	0 	2.9957 		 	1.0000
387 	0 	0 	0 	0 	0 	0 	0 	6 	0 	0 	0 	0 	0 	0 	0 	4 	1 	5 	0 	0 	1.7446 		 	1.0000
388 	0 	0 	4 	0 	0 	0 	0 	0 	1 	0 	0 	0 	0 	0 	11 	0 	0 	0 	0 	0 	2.2183 		 	1.0000
389 	6 	0 	0 	0 	0 	0 	0 	0 	0 	0 	0 	0 	0 	0 	0 	8 	1 	0 	0 	1 	1.9348 		 	1.0000
390 	6 	0 	0 	5 	0 	0 	0 	0 	0 	0 	0 	0 	0 	0 	0 	0 	5 	0 	0 	0 	1.9010 		 	1.0000
391 	1 	0 	0 	7 	0 	0 	0 	0 	0 	4 	0 	0 	0 	0 	0 	2 	2 	0 	0 	0 	1.5943 		 	1.0000
392 	5 	0 	0 	0 	0 	0 	0 	7 	0 	0 	0 	0 	0 	0 	0 	0 	0 	4 	0 	0 	1.9240 		 	1.0000
393 	5 	0 	0 	0 	0 	0 	0 	0 	4 	0 	0 	0 	0 	0 	7 	0 	0 	0 	0 	0 	1.9240 		 	1.0000
394 	7 	0 	0 	0 	3 	0 	0 	0 	0 	2 	0 	0 	0 	0 	3 	0 	0 	1 	0 	0 	1.5731 		 	1.0000
395 	0 	0 	0 	0 	0 	0 	0 	0 	0 	0 	0 	0 	0 	0 	0 	16 	0 	0 	0 	0 	2.9957 		 	1.0000
396 	15 	0 	0 	0 	0 	0 	0 	0 	0 	0 	0 	0 	0 	0 	1 	0 	0 	0 	0 	0 	2.7619 		 	1.0000
397 	4 	0 	0 	0 	0 	0 	0 	0 	0 	0 	0 	6 	0 	6 	0 	0 	0 	0 	0 	0 	1.9135 		 	1.0000
398 	0 	0 	0 	0 	0 	0 	0 	0 	0 	12 	0 	0 	0 	4 	0 	0 	0 	0 	0 	0 	2.4334 		 	1.0000
399 	16 	0 	0 	0 	0 	0 	0 	0 	0 	0 	0 	0 	0 	0 	0 	0 	0 	0 	0 	0 	2.9957 		 	1.0000
400 	6 	0 	0 	0 	0 	0 	0 	1 	2 	0 	3 	0 	0 	2 	0 	2 	0 	0 	0 	0 	1.3610 		 	1.0000
401 	0 	0 	5 	4 	0 	0 	0 	0 	0 	0 	0 	0 	0 	1 	0 	0 	6 	0 	0 	0 	1.7446 		 	1.0000
402 	0 	0 	0 	0 	0 	0 	0 	0 	16 	0 	0 	0 	0 	0 	0 	0 	0 	0 	0 	0 	2.9957 		 	1.0000
403 	0 	0 	0 	0 	0 	0 	0 	0 	0 	0 	6 	0 	0 	0 	0 	0 	0 	10 	0 	0 	2.3342 		 	1.0000
404 	0 	0 	0 	0 	0 	0 	0 	0 	0 	0 	0 	10 	0 	0 	0 	6 	0 	0 	0 	0 	2.3342 		 	1.0000
405 	0 	0 	0 	16 	0 	0 	0 	0 	0 	0 	0 	0 	0 	0 	0 	0 	0 	0 	0 	0 	2.9957 		 	1.0000
406 	0 	16 	0 	0 	0 	0 	0 	0 	0 	0 	0 	0 	0 	0 	0 	0 	0 	0 	0 	0 	2.9957 		 	1.0000
407 	0 	0 	0 	0 	0 	0 	0 	0 	0 	0 	0 	0 	0 	0 	0 	0 	0 	16 	0 	0 	2.9957 		 	1.0000
408 	0 	0 	0 	0 	0 	0 	0 	0 	10 	6 	0 	0 	0 	0 	0 	0 	0 	0 	0 	0 	2.3342 		 	1.0000
409 	2 	0 	0 	0 	0 	6 	0 	0 	0 	0 	0 	0 	0 	0 	0 	8 	0 	0 	0 	0 	2.0214 		 	1.0000
410 	0 	0 	0 	0 	0 	0 	0 	0 	0 	0 	0 	0 	0 	16 	0 	0 	0 	0 	0 	0 	2.9957 		 	1.0000
411 	0 	0 	0 	0 	0 	0 	0 	0 	0 	0 	0 	0 	0 	0 	0 	15 	1 	0 	0 	0 	2.7619 		 	1.0000
412 	0 	0 	0 	0 	0 	0 	0 	0 	12 	0 	0 	0 	0 	0 	0 	3 	1 	0 	0 	0 	2.2928 		 	1.0000
413 	0 	0 	0 	0 	0 	0 	0 	0 	0 	0 	0 	0 	0 	0 	16 	0 	0 	0 	0 	0 	2.9957 		 	1.0000
414 	0 	0 	0 	0 	0 	0 	0 	4 	0 	0 	0 	3 	0 	0 	0 	2 	0 	6 	0 	1 	1.5343 		 	1.0000
415 	0 	0 	6 	0 	0 	6 	0 	0 	0 	0 	0 	4 	0 	0 	0 	0 	0 	0 	0 	0 	1.9135 		 	1.0000
416 	0 	0 	0 	0 	16 	0 	0 	0 	0 	0 	0 	0 	0 	0 	0 	0 	0 	0 	0 	0 	2.9957 		 	1.0000
417 	0 	16 	0 	0 	0 	0 	0 	0 	0 	0 	0 	0 	0 	0 	0 	0 	0 	0 	0 	0 	2.9957 		 	1.0000
418 	0 	0 	0 	0 	0 	16 	0 	0 	0 	0 	0 	0 	0 	0 	0 	0 	0 	0 	0 	0 	2.9957 		 	1.0000
419 	0 	0 	0 	0 	0 	0 	0 	0 	6 	0 	0 	5 	0 	2 	0 	2 	1 	0 	0 	0 	1.5713 		 	1.0000
420 	0 	0 	0 	0 	0 	16 	0 	0 	0 	0 	0 	0 	0 	0 	0 	0 	0 	0 	0 	0 	2.9957 		 	1.0000
421 	0 	0 	0 	0 	0 	0 	0 	0 	0 	0 	0 	4 	0 	0 	0 	0 	6 	0 	0 	6 	1.9135 		 	1.0000
422 	0 	0 	0 	0 	0 	0 	16 	0 	0 	0 	0 	0 	0 	0 	0 	0 	0 	0 	0 	0 	2.9957 		 	1.0000
423 	0 	0 	0 	0 	0 	0 	0 	10 	0 	6 	0 	0 	0 	0 	0 	0 	0 	0 	0 	0 	2.3342 		 	1.0000
424 	0 	0 	0 	0 	1 	0 	0 	3 	0 	1 	6 	0 	0 	0 	0 	0 	0 	5 	0 	0 	1.6040 		 	1.0000
425 	0 	0 	0 	0 	0 	0 	0 	0 	0 	0 	0 	0 	0 	0 	0 	16 	0 	0 	0 	0 	2.9957 		 	1.0000
426 	0 	0 	0 	0 	11 	0 	0 	1 	0 	4 	0 	0 	0 	0 	0 	0 	0 	0 	0 	0 	2.2183 		 	1.0000
427 	1 	0 	0 	0 	0 	0 	0 	0 	0 	0 	0 	0 	6 	0 	0 	0 	0 	9 	0 	0 	2.1310 		 	1.0000
428 	0 	0 	0 	0 	0 	0 	0 	1 	0 	0 	0 	1 	0 	10 	0 	0 	0 	4 	0 	0 	2.0088 		 	1.0000
429 	6 	0 	0 	0 	0 	0 	0 	0 	0 	0 	0 	9 	0 	0 	0 	1 	0 	0 	0 	0 	2.1310 		 	1.0000
430 	16 	0 	0 	0 	0 	0 	0 	0 	0 	0 	0 	0 	0 	0 	0 	0 	0 	0 	0 	0 	2.9957 		 	1.0000
431 	0 	0 	0 	0 	0 	0 	0 	0 	0 	0 	0 	0 	16 	0 	0 	0 	0 	0 	0 	0 	2.9957 		 	1.0000
432 	0 	0 	0 	1 	0 	0 	6 	0 	0 	0 	0 	5 	0 	0 	0 	0 	0 	0 	0 	4 	1.7446 		 	1.0000
433 	0 	0 	0 	0 	0 	16 	0 	0 	0 	0 	0 	0 	0 	0 	0 	0 	0 	0 	0 	0 	2.9957 		 	1.0000
434 	0 	0 	0 	0 	2 	0 	0 	0 	0 	8 	0 	0 	0 	0 	0 	0 	0 	6 	0 	0 	2.0214 		 	1.0000
435 	0 	0 	0 	0 	0 	0 	0 	0 	0 	0 	0 	0 	0 	0 	0 	0 	0 	7 	0 	9 	2.3104 		 	1.0000
436 	0 	0 	0 	0 	16 	0 	0 	0 	0 	0 	0 	0 	0 	0 	0 	0 	0 	0 	0 	0 	2.9957 		 	1.0000
437 	0 	0 	0 	0 	3 	0 	0 	4 	0 	7 	2 	0 	0 	0 	0 	0 	0 	0 	0 	0 	1.7137 		 	1.0000
438 	0 	0 	0 	0 	0 	0 	16 	0 	0 	0 	0 	0 	0 	0 	0 	0 	0 	0 	0 	0 	2.9957 		 	1.0000
439 	0 	0 	0 	0 	4 	0 	0 	0 	0 	0 	0 	0 	0 	0 	0 	0 	1 	11 	0 	0 	2.2183 		 	1.0000
440 	0 	0 	0 	0 	0 	5 	0 	0 	0 	0 	0 	1 	0 	0 	0 	3 	6 	1 	0 	0 	1.6040 		 	1.0000
441 	0 	0 	0 	0 	0 	0 	0 	0 	0 	1 	0 	0 	0 	0 	0 	0 	0 	0 	0 	15 	2.7619 		 	1.0000
442 	0 	0 	0 	0 	0 	0 	0 	0 	0 	1 	0 	0 	0 	1 	0 	0 	0 	12 	0 	2 	2.1735 		 	1.0000
443 	0 	0 	0 	0 	0 	0 	0 	0 	0 	0 	0 	0 	16 	0 	0 	0 	0 	0 	0 	0 	2.9957 		 	1.0000
444 	0 	0 	0 	0 	0 	0 	0 	1 	0 	0 	0 	0 	0 	0 	0 	8 	7 	0 	0 	0 	2.1142 		 	1.0000
445 	0 	0 	0 	0 	0 	0 	0 	0 	3 	0 	0 	4 	0 	7 	0 	2 	0 	0 	0 	0 	1.7137 		 	1.0000
446 	0 	0 	0 	6 	1 	0 	3 	0 	0 	0 	0 	0 	0 	0 	0 	0 	0 	0 	0 	6 	1.7730 		 	1.0000
447 	0 	0 	0 	0 	0 	0 	0 	2 	2 	0 	0 	0 	0 	0 	5 	0 	3 	4 	0 	0 	1.4519 		 	1.0000
448 	0 	0 	1 	2 	0 	0 	0 	0 	0 	0 	0 	9 	0 	0 	0 	0 	4 	0 	0 	0 	1.8923 		 	1.0000
449 	5 	0 	0 	0 	6 	0 	0 	0 	0 	0 	0 	0 	0 	0 	0 	0 	0 	5 	0 	0 	1.9010 		 	1.0000
450 	0 	0 	0 	1 	0 	0 	0 	0 	2 	0 	0 	1 	0 	0 	1 	0 	9 	2 	0 	0 	1.6324 		 	1.0000
451 	4 	0 	0 	0 	0 	0 	0 	0 	0 	0 	0 	0 	0 	0 	0 	2 	6 	4 	0 	0 	1.6748 		 	1.0000
452 	11 	0 	0 	0 	0 	0 	0 	0 	0 	0 	0 	0 	0 	0 	0 	4 	0 	0 	1 	0 	2.2183 		 	1.0000
453 	0 	0 	0 	0 	0 	0 	0 	0 	0 	0 	0 	0 	10 	0 	0 	1 	0 	0 	0 	5 	2.1652 		 	1.0000
454 	6 	0 	0 	0 	0 	10 	0 	0 	0 	0 	0 	0 	0 	0 	0 	0 	0 	0 	0 	0 	2.3342 		 	1.0000
455 	0 	0 	0 	0 	0 	0 	0 	6 	0 	10 	0 	0 	0 	0 	0 	0 	0 	0 	0 	0 	2.3342 		 	1.0000
456 	0 	16 	0 	0 	0 	0 	0 	0 	0 	0 	0 	0 	0 	0 	0 	0 	0 	0 	0 	0 	2.9957 		 	1.0000
457 	0 	0 	2 	0 	0 	0 	6 	4 	0 	0 	0 	3 	0 	0 	0 	0 	0 	1 	0 	0 	1.5343 		 	1.0000
458 	4 	0 	1 	6 	0 	0 	1 	0 	0 	0 	0 	1 	0 	0 	0 	1 	1 	1 	0 	0 	1.2416 		 	1.0000
459 	2 	0 	0 	1 	0 	11 	0 	0 	0 	0 	0 	2 	0 	0 	0 	0 	0 	0 	0 	0 	2.0450 		 	1.0000
460 	0 	0 	3 	0 	0 	0 	0 	0 	6 	0 	0 	6 	0 	0 	0 	0 	1 	0 	0 	0 	1.7730 		 	1.0000
461 	0 	0 	0 	0 	0 	0 	0 	0 	0 	0 	0 	1 	5 	0 	4 	0 	0 	0 	0 	0 	2.0524 		 	0.6250
462 	0 	0 	0 	0 	0 	0 	0 	0 	0 	0 	0 	0 	2 	1 	0 	0 	2 	0 	0 	0 	1.9408 		 	0.3125
463 	0 	0 	0 	0 	0 	0 	0 	0 	1 	2 	0 	2 	0 	0 	0 	0 	0 	0 	0 	0 	1.9408 		 	0.3125
464 	6 	5 	0 	0 	0 	4 	0 	0 	0 	0 	0 	0 	0 	0 	0 	0 	0 	0 	0 	0 	1.9105 		 	0.9375
465 	0 	0 	0 	0 	0 	0 	0 	8 	0 	1 	0 	0 	0 	0 	0 	0 	0 	0 	0 	6 	2.1134 		 	0.9375
466 	9 	0 	0 	0 	6 	0 	0 	0 	0 	0 	0 	0 	0 	0 	0 	0 	0 	0 	0 	0 	2.3227 		 	0.9375
467 	0 	0 	0 	0 	0 	0 	0 	0 	0 	0 	0 	0 	15 	0 	0 	0 	0 	0 	0 	0 	2.9957 		 	0.9375
468 	0 	0 	0 	0 	0 	0 	0 	3 	4 	0 	0 	0 	0 	0 	6 	0 	0 	2 	0 	0 	1.6862 		 	0.9375
469 	1 	0 	3 	6 	0 	0 	0 	0 	0 	0 	0 	2 	0 	0 	0 	3 	0 	0 	0 	0 	1.5363 		 	0.9375
470 	0 	0 	0 	0 	0 	16 	0 	0 	0 	0 	0 	0 	0 	0 	0 	0 	0 	0 	0 	0 	2.9957 		 	1.0000
471 	0 	0 	0 	0 	0 	0 	0 	0 	0 	0 	0 	0 	0 	0 	0 	0 	0 	6 	0 	10 	2.3342 		 	1.0000
472 	0 	0 	0 	0 	15 	0 	0 	0 	0 	0 	0 	0 	0 	0 	0 	0 	0 	1 	0 	0 	2.7619 		 	1.0000
473 	0 	0 	0 	0 	0 	0 	0 	4 	0 	1 	0 	0 	0 	0 	0 	0 	0 	11 	0 	0 	2.2183 		 	1.0000
474 	0 	0 	0 	0 	3 	0 	0 	0 	2 	1 	0 	3 	0 	1 	1 	3 	2 	0 	0 	0 	1.0144 		 	1.0000
475 	0 	0 	1 	0 	0 	0 	0 	0 	0 	0 	0 	9 	0 	1 	0 	0 	2 	3 	0 	0 	1.7517 		 	1.0000
476 	0 	0 	0 	0 	0 	0 	0 	0 	0 	0 	0 	2 	0 	3 	0 	0 	0 	0 	0 	0 	2.3227 		 	0.3125
477 	0 	0 	0 	0 	0 	0 	0 	0 	0 	0 	0 	2 	1 	0 	0 	0 	3 	0 	0 	0 	1.9843 		 	0.3750
478 	0 	0 	0 	0 	0 	0 	0 	0 	0 	0 	0 	1 	0 	0 	0 	0 	5 	0 	0 	0 	2.5452 		 	0.3750
479 	0 	0 	0 	0 	0 	0 	0 	0 	0 	1 	0 	0 	0 	0 	2 	1 	2 	0 	0 	0 	1.6661 		 	0.3750
480 	1 	0 	0 	0 	0 	0 	0 	0 	0 	0 	0 	0 	0 	0 	0 	0 	1 	0 	0 	2 	1.9560 		 	0.2500
481 	0 	0 	0 	0 	0 	0 	0 	0 	0 	1 	0 	0 	0 	0 	0 	0 	0 	1 	0 	0 	2.3026 		 	0.1250
482 	1 	0 	0 	0 	0 	0 	0 	0 	0 	0 	0 	0 	0 	0 	0 	0 	0 	0 	0 	1 	2.3026 		 	0.1250
483 	0 	0 	1 	0 	0 	0 	0 	0 	1 	0 	0 	0 	0 	0 	0 	2 	0 	0 	0 	0 	1.9560 		 	0.2500
484 	0 	0 	0 	1 	0 	0 	0 	2 	0 	0 	0 	0 	0 	0 	0 	1 	0 	2 	0 	0 	1.6661 		 	0.3750
485 	0 	0 	4 	0 	0 	7 	0 	0 	0 	0 	0 	3 	0 	0 	0 	0 	0 	2 	0 	0 	1.7137 		 	1.0000
486 	0 	0 	2 	0 	0 	1 	0 	0 	0 	0 	0 	4 	0 	1 	0 	0 	8 	0 	0 	0 	1.6961 		 	1.0000
487 	0 	0 	0 	5 	0 	0 	0 	0 	0 	0 	0 	0 	0 	1 	0 	6 	3 	0 	0 	1 	1.6040 		 	1.0000
488 	0 	0 	0 	0 	0 	0 	0 	0 	0 	0 	0 	0 	0 	0 	0 	0 	0 	0 	15 	1 	2.7619 		 	1.0000
489 	0 	0 	0 	0 	6 	0 	0 	0 	1 	0 	3 	0 	0 	0 	1 	2 	0 	0 	0 	3 	1.3937 		 	1.0000
490 	0 	0 	0 	0 	1 	0 	0 	7 	0 	0 	0 	0 	0 	0 	0 	0 	0 	0 	0 	8 	2.1142 		 	1.0000
491 	0 	0 	0 	0 	0 	0 	0 	0 	0 	0 	0 	0 	0 	0 	0 	0 	16 	0 	0 	0 	2.9957 		 	1.0000
492 	0 	0 	0 	0 	0 	9 	0 	0 	0 	0 	0 	0 	0 	6 	0 	1 	0 	0 	0 	0 	2.1310 		 	1.0000
493 	0 	0 	0 	0 	0 	0 	0 	0 	0 	0 	0 	0 	0 	0 	7 	9 	0 	0 	0 	0 	2.3104 		 	1.0000
494 	0 	0 	0 	0 	0 	3 	0 	1 	0 	0 	0 	6 	0 	0 	0 	6 	0 	0 	0 	0 	1.7730 		 	1.0000
495 	0 	0 	0 	0 	11 	0 	0 	0 	0 	0 	1 	0 	0 	0 	0 	0 	0 	0 	0 	4 	2.2183 		 	1.0000
496 	0 	0 	0 	0 	6 	0 	0 	0 	0 	0 	0 	0 	0 	0 	0 	0 	0 	0 	0 	10 	2.3342 		 	1.0000
497 	1 	0 	0 	1 	0 	0 	1 	0 	2 	0 	0 	0 	0 	0 	0 	7 	0 	0 	0 	4 	1.5077 		 	1.0000
498 	0 	0 	0 	0 	0 	0 	0 	0 	0 	0 	0 	0 	16 	0 	0 	0 	0 	0 	0 	0 	2.9957 		 	1.0000
499 	0 	0 	0 	9 	0 	0 	0 	0 	0 	0 	0 	0 	0 	6 	1 	0 	0 	0 	0 	0 	2.1310 		 	1.0000
500 	0 	0 	0 	0 	0 	0 	0 	6 	0 	1 	0 	0 	9 	0 	0 	0 	0 	0 	0 	0 	2.1310 		 	1.0000
501 	0 	0 	0 	0 	0 	0 	0 	15 	0 	0 	0 	0 	1 	0 	0 	0 	0 	0 	0 	0 	2.7619 		 	1.0000
502 	0 	0 	0 	0 	0 	0 	0 	0 	0 	0 	0 	1 	0 	0 	0 	0 	15 	0 	0 	0 	2.7619 		 	1.0000
503 	0 	0 	1 	4 	0 	0 	0 	0 	0 	0 	1 	0 	0 	2 	0 	2 	6 	0 	0 	0 	1.4149 		 	1.0000
504 	4 	0 	6 	0 	0 	0 	0 	0 	1 	2 	0 	3 	0 	0 	0 	0 	0 	0 	0 	0 	1.5343 		 	1.0000
505 	0 	0 	1 	0 	0 	0 	0 	0 	0 	0 	0 	15 	0 	0 	0 	0 	0 	0 	0 	0 	2.7619 		 	1.0000
506 	0 	0 	0 	0 	1 	0 	0 	0 	0 	0 	0 	0 	0 	0 	0 	4 	8 	3 	0 	0 	1.8154 		 	1.0000
507 	0 	0 	0 	0 	6 	0 	0 	0 	3 	0 	0 	0 	0 	0 	2 	0 	0 	5 	0 	0 	1.6906 		 	1.0000
508 	0 	0 	0 	0 	0 	0 	0 	1 	0 	0 	0 	0 	0 	1 	0 	0 	0 	9 	0 	5 	1.9620 		 	1.0000
509 	2 	0 	0 	0 	0 	0 	0 	1 	0 	0 	4 	0 	0 	0 	0 	4 	0 	5 	0 	0 	1.5059 		 	1.0000
510 	2 	0 	0 	1 	0 	6 	0 	0 	0 	0 	0 	0 	0 	0 	0 	7 	0 	0 	0 	0 	1.8330 		 	1.0000
511 	0 	0 	0 	0 	0 	0 	0 	0 	0 	0 	0 	6 	0 	0 	0 	2 	3 	0 	0 	0 	2.0008 		 	0.6875
512 	0 	11 	0 	0 	0 	0 	0 	0 	0 	0 	1 	0 	2 	0 	0 	2 	0 	0 	0 	0 	2.0450 		 	1.0000
513 	4 	0 	9 	0 	0 	0 	0 	0 	0 	0 	0 	1 	0 	2 	0 	0 	0 	0 	0 	0 	1.8923 		 	1.0000
514 	0 	0 	0 	0 	0 	0 	0 	0 	0 	0 	0 	0 	0 	0 	0 	0 	0 	16 	0 	0 	2.9957 		 	1.0000
515 	0 	0 	0 	0 	0 	0 	0 	0 	3 	0 	0 	4 	0 	0 	0 	0 	3 	6 	0 	0 	1.6536 		 	1.0000
516 	0 	0 	0 	0 	4 	0 	0 	6 	0 	0 	0 	0 	0 	0 	0 	0 	0 	0 	0 	6 	1.9135 		 	1.0000
517 	0 	0 	1 	2 	0 	6 	0 	0 	0 	0 	0 	0 	0 	2 	0 	0 	4 	1 	0 	0 	1.4149 		 	1.0000
518 	0 	0 	0 	0 	0 	0 	0 	6 	6 	0 	0 	4 	0 	0 	0 	0 	0 	0 	0 	0 	1.9135 		 	1.0000
519 	4 	0 	0 	0 	0 	0 	0 	9 	0 	3 	0 	0 	0 	0 	0 	0 	0 	0 	0 	0 	2.0116 		 	1.0000
520 	0 	0 	0 	2 	0 	0 	0 	0 	0 	0 	0 	6 	4 	0 	0 	3 	1 	0 	0 	0 	1.5343 		 	1.0000
521 	0 	0 	0 	1 	0 	0 	0 	0 	0 	0 	0 	9 	0 	0 	1 	0 	2 	0 	0 	3 	1.7517 		 	1.0000
522 	0 	0 	0 	0 	0 	0 	0 	0 	0 	0 	0 	4 	0 	0 	1 	1 	6 	4 	0 	0 	1.5882 		 	1.0000
523 	0 	0 	0 	1 	1 	0 	0 	0 	0 	5 	3 	0 	0 	0 	0 	0 	0 	6 	0 	0 	1.6040 		 	1.0000
524 	0 	0 	0 	0 	0 	0 	0 	0 	0 	5 	0 	0 	5 	0 	0 	0 	0 	0 	0 	6 	1.9010 		 	1.0000
525 	0 	0 	6 	0 	0 	0 	0 	0 	0 	0 	0 	4 	5 	1 	0 	0 	0 	0 	0 	0 	1.7446 		 	1.0000
526 	0 	0 	0 	0 	0 	0 	0 	0 	0 	0 	0 	0 	11 	0 	0 	0 	5 	0 	0 	0 	2.3746 		 	1.0000
527 	0 	0 	0 	0 	0 	0 	0 	1 	0 	11 	0 	0 	0 	0 	0 	4 	0 	0 	0 	0 	2.2183 		 	1.0000
528 	0 	0 	0 	0 	0 	0 	0 	3 	0 	5 	0 	0 	0 	6 	0 	0 	1 	1 	0 	0 	1.6040 		 	1.0000
529 	0 	0 	0 	2 	0 	2 	0 	0 	0 	0 	0 	0 	11 	0 	0 	1 	0 	0 	0 	0 	2.0450 		 	1.0000
530 	0 	0 	0 	0 	0 	0 	0 	0 	0 	0 	0 	5 	0 	0 	0 	0 	0 	0 	0 	0 	2.9957 		 	0.3125
531 	0 	0 	0 	0 	0 	0 	0 	0 	0 	0 	0 	0 	0 	0 	0 	5 	0 	0 	0 	0 	2.9957 		 	0.3125
532 	0 	0 	0 	7 	0 	0 	0 	0 	0 	0 	0 	4 	0 	0 	0 	0 	5 	0 	0 	0 	1.9240 		 	1.0000
533 	0 	0 	3 	0 	0 	2 	0 	0 	0 	9 	0 	0 	1 	0 	0 	0 	0 	0 	0 	1 	1.7517 		 	1.0000
534 	0 	0 	6 	0 	0 	0 	0 	3 	0 	1 	0 	0 	4 	0 	0 	0 	0 	2 	0 	0 	1.5343 		 	1.0000
535 	0 	0 	10 	0 	0 	0 	0 	0 	0 	0 	0 	0 	0 	0 	0 	6 	0 	0 	0 	0 	2.3342 		 	1.0000
536 	0 	0 	0 	0 	15 	0 	0 	0 	0 	0 	0 	0 	0 	0 	0 	0 	0 	1 	0 	0 	2.7619 		 	1.0000
537 	0 	0 	0 	0 	0 	0 	0 	0 	12 	0 	0 	1 	0 	2 	1 	0 	0 	0 	0 	0 	2.1735 		 	1.0000
538 	0 	0 	4 	11 	0 	0 	0 	0 	1 	0 	0 	0 	0 	0 	0 	0 	0 	0 	0 	0 	2.2183 		 	1.0000
539 	0 	0 	0 	15 	0 	0 	0 	0 	0 	0 	0 	0 	0 	0 	0 	0 	1 	0 	0 	0 	2.7619 		 	1.0000
540 	0 	0 	0 	0 	0 	0 	0 	0 	0 	15 	0 	0 	0 	0 	0 	0 	0 	0 	0 	0 	2.9957 		 	0.9375
541 	0 	0 	12 	2 	0 	0 	0 	0 	0 	0 	0 	0 	0 	1 	0 	0 	0 	0 	0 	0 	2.3680 		 	0.9375
542 	0 	0 	0 	4 	0 	0 	0 	0 	7 	0 	0 	0 	0 	3 	0 	0 	0 	0 	0 	0 	1.9611 		 	0.8750
543 	0 	0 	0 	0 	3 	0 	0 	0 	0 	1 	0 	0 	0 	0 	0 	0 	0 	0 	4 	6 	1.7561 		 	0.8750
544 	0 	0 	0 	0 	0 	0 	0 	0 	0 	0 	0 	0 	0 	0 	0 	1 	0 	0 	0 	0 	2.9957 		 	0.0625
545 	0 	0 	0 	0 	13 	0 	0 	0 	0 	0 	0 	0 	0 	0 	0 	0 	0 	0 	0 	1 	2.7384 		 	0.8750
546 	0 	0 	0 	0 	0 	0 	0 	0 	14 	0 	0 	0 	0 	0 	0 	0 	0 	0 	0 	0 	2.9957 		 	0.8750
547 	0 	0 	0 	0 	0 	0 	0 	0 	0 	1 	0 	13 	0 	0 	0 	0 	0 	0 	0 	0 	2.7384 		 	0.8750
548 	0 	0 	0 	0 	1 	0 	6 	0 	0 	0 	0 	0 	1 	4 	0 	0 	0 	2 	0 	0 	1.6197 		 	0.8750
549 	0 	0 	0 	0 	0 	0 	0 	0 	0 	0 	0 	1 	0 	0 	0 	3 	10 	0 	0 	0 	2.2368 		 	0.8750
550 	0 	0 	0 	0 	0 	0 	0 	0 	0 	0 	0 	0 	0 	0 	0 	11 	2 	0 	0 	1 	2.3398 		 	0.8750
551 	0 	0 	0 	0 	0 	0 	0 	1 	0 	0 	0 	0 	6 	1 	0 	2 	1 	3 	0 	0 	1.4590 		 	0.8750
552 	4 	0 	6 	0 	0 	1 	0 	2 	0 	0 	0 	0 	0 	0 	0 	0 	0 	1 	0 	0 	1.6197 		 	0.8750
553 	0 	0 	0 	0 	0 	0 	0 	0 	0 	0 	0 	0 	8 	0 	0 	0 	0 	6 	0 	0 	2.3128 		 	0.8750
554 	0 	0 	11 	0 	0 	0 	0 	0 	0 	0 	0 	3 	0 	0 	0 	0 	0 	0 	0 	0 	2.4762 		 	0.8750
555 	0 	0 	0 	0 	0 	0 	0 	0 	0 	1 	0 	0 	0 	0 	0 	0 	0 	0 	0 	0 	2.9957 		 	0.0625
556 	0 	0 	0 	0 	0 	0 	0 	0 	0 	0 	0 	0 	0 	0 	0 	0 	0 	1 	0 	0 	2.9957 		 	0.0625
557 	0 	0 	0 	0 	0 	0 	0 	0 	0 	0 	0 	0 	0 	0 	0 	0 	0 	1 	0 	0 	2.9957 		 	0.0625
558 	0 	0 	0 	1 	0 	0 	0 	0 	0 	0 	0 	0 	0 	0 	0 	0 	0 	0 	0 	0 	2.9957 		 	0.0625
559 	0 	0 	0 	0 	0 	0 	0 	0 	0 	0 	0 	0 	0 	1 	0 	0 	0 	0 	0 	0 	2.9957 		 	0.0625
560 	0 	0 	0 	0 	0 	0 	0 	0 	0 	0 	0 	0 	0 	0 	0 	0 	0 	0 	0 	1 	2.9957 		 	0.0625
561 	0 	0 	0 	0 	0 	0 	0 	0 	0 	0 	0 	1 	0 	0 	0 	0 	0 	0 	0 	0 	2.9957 		 	0.0625
562 	0 	0 	0 	0 	0 	0 	0 	0 	0 	0 	0 	0 	0 	1 	0 	0 	0 	0 	0 	0 	2.9957 		 	0.0625
563 	0 	0 	0 	0 	0 	0 	0 	0 	0 	0 	0 	0 	0 	0 	0 	0 	1 	0 	0 	0 	2.9957 		 	0.0625
564 	0 	0 	0 	0 	0 	0 	0 	1 	0 	0 	0 	0 	0 	0 	0 	0 	0 	0 	0 	0 	2.9957 		 	0.0625
565 	0 	0 	0 	0 	0 	0 	0 	0 	0 	1 	0 	0 	0 	0 	0 	0 	0 	0 	0 	0 	2.9957 		 	0.0625
566 	0 	0 	0 	0 	0 	0 	0 	0 	0 	0 	0 	1 	0 	0 	0 	0 	0 	0 	0 	0 	2.9957 		 	0.0625
567 	0 	0 	0 	0 	3 	0 	0 	0 	0 	11 	0 	0 	0 	0 	0 	0 	0 	0 	0 	0 	2.4762 		 	0.8750
568 	0 	0 	0 	0 	0 	8 	0 	0 	0 	0 	0 	0 	0 	1 	0 	4 	1 	0 	0 	0 	1.9410 		 	0.8750
569 	0 	0 	0 	0 	0 	0 	0 	0 	0 	4 	0 	0 	0 	0 	0 	1 	0 	0 	0 	0 	2.4953 		 	0.3125
570 	0 	0 	10 	2 	0 	0 	0 	0 	0 	0 	0 	0 	0 	0 	0 	2 	0 	0 	0 	0 	2.1994 		 	0.8750
571 	0 	0 	0 	0 	1 	0 	0 	8 	0 	2 	0 	0 	0 	0 	0 	0 	0 	0 	0 	3 	1.8794 		 	0.8750
572 	0 	0 	0 	1 	0 	0 	0 	0 	0 	0 	0 	0 	0 	0 	0 	8 	2 	0 	0 	0 	2.2362 		 	0.6875
573 	0 	0 	0 	0 	0 	6 	0 	0 	2 	0 	0 	0 	0 	2 	0 	0 	1 	0 	0 	0 	1.8272 		 	0.6875
574 	0 	0 	0 	0 	0 	0 	0 	12 	0 	2 	0 	0 	0 	0 	0 	0 	0 	0 	0 	0 	2.5856 		 	0.8750
575 	0 	0 	0 	1 	0 	0 	0 	0 	0 	0 	0 	13 	0 	0 	0 	0 	0 	0 	0 	0 	2.7384 		 	0.8750
576 	6 	0 	0 	0 	0 	0 	0 	0 	0 	0 	0 	1 	0 	0 	0 	0 	3 	4 	0 	0 	1.7561 		 	0.8750
577 	0 	0 	0 	0 	0 	0 	0 	0 	1 	0 	0 	0 	0 	0 	0 	6 	7 	0 	0 	0 	2.0975 		 	0.8750
578 	0 	0 	0 	0 	3 	0 	0 	0 	0 	4 	0 	0 	0 	0 	0 	1 	0 	6 	0 	0 	1.7561 		 	0.8750
579 	1 	0 	0 	0 	0 	0 	0 	0 	0 	7 	0 	0 	0 	0 	0 	0 	0 	6 	0 	0 	2.0975 		 	0.8750
580 	0 	0 	6 	1 	0 	0 	0 	0 	0 	0 	0 	7 	0 	0 	0 	0 	0 	0 	0 	0 	2.0975 		 	0.8750
581 	0 	0 	0 	0 	0 	0 	0 	6 	0 	8 	0 	0 	0 	0 	0 	0 	0 	0 	0 	0 	2.3128 		 	0.8750
582 	0 	0 	0 	0 	0 	0 	0 	0 	0 	0 	0 	2 	0 	9 	0 	0 	3 	0 	0 	0 	2.1036 		 	0.8750
583 	0 	0 	0 	0 	0 	0 	0 	0 	6 	0 	0 	0 	0 	0 	0 	0 	1 	3 	0 	4 	1.7561 		 	0.8750
584 	0 	0 	0 	13 	0 	0 	0 	0 	0 	0 	0 	0 	0 	0 	0 	0 	1 	0 	0 	0 	2.7384 		 	0.8750
585 	0 	0 	0 	0 	0 	0 	0 	6 	0 	1 	6 	0 	0 	0 	0 	0 	0 	1 	0 	0 	1.8925 		 	0.8750
586 	0 	0 	6 	0 	0 	0 	0 	0 	0 	2 	1 	4 	0 	1 	0 	0 	0 	0 	0 	0 	1.6197 		 	0.8750
587 	0 	0 	0 	0 	0 	0 	0 	0 	1 	0 	0 	0 	0 	0 	10 	2 	0 	1 	0 	0 	2.1004 		 	0.8750
588 	0 	0 	0 	0 	0 	0 	0 	1 	0 	13 	0 	0 	0 	0 	0 	0 	0 	0 	0 	0 	2.7384 		 	0.8750
589 	0 	0 	0 	0 	0 	0 	0 	0 	0 	0 	0 	6 	0 	7 	0 	1 	0 	0 	0 	0 	2.0975 		 	0.8750
590 	0 	0 	1 	10 	0 	0 	0 	0 	0 	0 	0 	0 	0 	2 	0 	0 	1 	0 	0 	0 	2.1004 		 	0.8750
591 	4 	0 	0 	0 	0 	0 	0 	0 	0 	1 	0 	0 	0 	0 	0 	0 	0 	9 	0 	0 	2.1653 		 	0.8750
592 	6 	0 	0 	0 	0 	0 	0 	5 	0 	0 	0 	0 	0 	0 	0 	0 	0 	3 	0 	0 	1.9348 		 	0.8750
593 	0 	0 	1 	0 	0 	0 	0 	0 	13 	0 	0 	0 	0 	0 	0 	0 	0 	0 	0 	0 	2.7384 		 	0.8750
594 	2 	0 	0 	0 	0 	0 	0 	0 	1 	0 	0 	7 	0 	1 	0 	0 	0 	3 	0 	0 	1.6641 		 	0.8750
595 	0 	0 	0 	0 	0 	0 	0 	1 	0 	13 	0 	0 	0 	0 	0 	0 	0 	0 	0 	0 	2.7384 		 	0.8750
596 	0 	0 	0 	0 	0 	0 	0 	0 	0 	0 	0 	14 	0 	0 	0 	0 	0 	0 	0 	0 	2.9957 		 	0.8750
597 	0 	0 	0 	10 	0 	0 	1 	0 	0 	0 	0 	0 	0 	2 	0 	1 	0 	0 	0 	0 	2.1004 		 	0.8750
598 	0 	0 	0 	0 	0 	0 	0 	0 	0 	0 	0 	0 	0 	0 	0 	13 	1 	0 	0 	0 	2.7384 		 	0.8750
599 	0 	0 	0 	0 	0 	0 	0 	0 	0 	7 	0 	0 	0 	0 	0 	0 	0 	0 	0 	7 	2.3026 		 	0.8750
600 	0 	0 	0 	0 	0 	0 	0 	13 	0 	0 	0 	0 	0 	0 	0 	0 	0 	1 	0 	0 	2.7384 		 	0.8750
601 	0 	0 	10 	0 	0 	0 	0 	0 	0 	0 	0 	4 	0 	0 	0 	0 	0 	0 	0 	0 	2.3975 		 	0.8750
602 	0 	0 	0 	0 	0 	0 	0 	0 	0 	14 	0 	0 	0 	0 	0 	0 	0 	0 	0 	0 	2.9957 		 	0.8750
603 	0 	0 	0 	0 	0 	0 	0 	0 	8 	0 	0 	0 	0 	6 	0 	0 	0 	0 	0 	0 	2.3128 		 	0.8750
604 	0 	0 	3 	10 	0 	0 	0 	0 	0 	0 	0 	0 	0 	0 	0 	0 	0 	0 	1 	0 	2.2368 		 	0.8750
605 	0 	0 	0 	0 	0 	0 	0 	3 	0 	10 	0 	0 	0 	0 	0 	0 	0 	1 	0 	0 	2.2368 		 	0.8750
606 	0 	0 	0 	0 	0 	13 	0 	0 	0 	0 	0 	1 	0 	0 	0 	0 	0 	0 	0 	0 	2.7384 		 	0.8750
607 	0 	0 	0 	0 	0 	0 	0 	0 	6 	0 	0 	3 	0 	0 	1 	0 	4 	0 	0 	0 	1.7561 		 	0.8750
608 	0 	0 	0 	0 	0 	0 	0 	0 	0 	0 	0 	0 	0 	0 	0 	0 	0 	1 	0 	13 	2.7384 		 	0.8750
609 	0 	0 	0 	11 	0 	0 	0 	0 	0 	0 	0 	0 	0 	0 	0 	0 	3 	0 	0 	0 	2.4762 		 	0.8750
610 	0 	0 	0 	0 	1 	0 	0 	0 	0 	0 	1 	0 	0 	6 	0 	0 	1 	0 	0 	5 	1.6994 		 	0.8750
611 	0 	0 	0 	0 	0 	0 	0 	0 	0 	0 	0 	0 	0 	0 	0 	0 	0 	0 	0 	14 	2.9957 		 	0.8750
612 	0 	0 	0 	0 	0 	0 	0 	7 	0 	0 	0 	2 	0 	1 	0 	0 	0 	4 	0 	0 	1.8247 		 	0.8750
613 	0 	0 	0 	0 	0 	0 	0 	0 	14 	0 	0 	0 	0 	0 	0 	0 	0 	0 	0 	0 	2.9957 		 	0.8750
614 	0 	0 	0 	0 	0 	0 	0 	0 	0 	0 	0 	0 	0 	0 	0 	0 	0 	0 	14 	0 	2.9957 		 	0.8750
615 	0 	0 	0 	0 	0 	0 	0 	0 	0 	0 	0 	0 	14 	0 	0 	0 	0 	0 	0 	0 	2.9957 		 	0.8750
616 	0 	0 	0 	0 	0 	0 	0 	0 	0 	0 	0 	0 	0 	0 	0 	0 	0 	0 	14 	0 	2.9957 		 	0.8750
617 	0 	0 	0 	0 	0 	0 	0 	0 	0 	0 	0 	0 	0 	0 	0 	0 	0 	0 	1 	13 	2.7384 		 	0.8750
618 	0 	0 	0 	0 	0 	0 	0 	3 	0 	0 	0 	0 	0 	0 	0 	0 	0 	11 	0 	0 	2.4762 		 	0.8750
619 	0 	0 	0 	0 	0 	0 	0 	0 	0 	0 	0 	0 	0 	0 	0 	0 	0 	0 	14 	0 	2.9957 		 	0.8750
620 	0 	0 	0 	0 	0 	0 	0 	0 	0 	14 	0 	0 	0 	0 	0 	0 	0 	0 	0 	0 	2.9957 		 	0.8750
621 	0 	1 	0 	0 	0 	9 	0 	0 	0 	4 	0 	0 	0 	0 	0 	0 	0 	0 	0 	0 	2.1653 		 	0.8750
622 	0 	0 	0 	0 	9 	0 	0 	5 	0 	0 	0 	0 	0 	0 	0 	0 	0 	0 	0 	0 	2.3440 		 	0.8750
623 	0 	2 	0 	0 	0 	2 	0 	9 	0 	0 	0 	0 	0 	0 	0 	1 	0 	0 	0 	0 	1.9672 		 	0.8750
624 	9 	0 	0 	0 	0 	0 	0 	0 	0 	4 	0 	0 	0 	0 	0 	0 	0 	1 	0 	0 	2.1653 		 	0.8750
625 	4 	0 	0 	0 	0 	9 	0 	0 	0 	0 	0 	0 	0 	0 	0 	0 	0 	1 	0 	0 	2.1653 		 	0.8750
626 	0 	0 	0 	0 	0 	4 	0 	0 	0 	10 	0 	0 	0 	0 	0 	0 	0 	0 	0 	0 	2.3975 		 	0.8750
627 	0 	0 	0 	0 	0 	0 	0 	7 	0 	0 	0 	0 	0 	0 	0 	0 	0 	7 	0 	0 	2.3026 		 	0.8750
628 	13 	0 	0 	0 	1 	0 	0 	0 	0 	0 	0 	0 	0 	0 	0 	0 	0 	0 	0 	0 	2.7384 		 	0.8750
629 	0 	0 	0 	0 	0 	0 	0 	6 	0 	3 	3 	0 	0 	0 	0 	0 	0 	2 	0 	0 	1.6944 		 	0.8750
630 	3 	1 	0 	0 	0 	0 	0 	0 	0 	3 	0 	0 	0 	0 	0 	0 	0 	7 	0 	0 	1.8005 		 	0.8750
631 	0 	0 	0 	0 	0 	0 	0 	0 	0 	3 	6 	0 	0 	0 	0 	1 	0 	4 	0 	0 	1.7561 		 	0.8750
632 	0 	3 	0 	0 	0 	0 	0 	0 	0 	4 	1 	0 	0 	0 	0 	0 	0 	6 	0 	0 	1.7561 		 	0.8750
633 	0 	0 	0 	0 	0 	0 	0 	0 	0 	5 	0 	0 	0 	0 	0 	0 	6 	3 	0 	0 	1.9348 		 	0.8750
634 	0 	0 	0 	0 	7 	0 	0 	6 	0 	1 	0 	0 	0 	0 	0 	0 	0 	0 	0 	0 	2.0975 		 	0.8750
635 	0 	0 	0 	0 	7 	0 	0 	0 	0 	7 	0 	0 	0 	0 	0 	0 	0 	0 	0 	0 	2.3026 		 	0.8750
636 	0 	1 	0 	0 	0 	0 	0 	7 	0 	6 	0 	0 	0 	0 	0 	0 	0 	0 	0 	0 	2.0975 		 	0.8750
637 	0 	11 	0 	0 	0 	0 	0 	0 	0 	3 	0 	0 	0 	0 	0 	0 	0 	0 	0 	0 	2.4762 		 	0.8750
638 	0 	14 	0 	0 	0 	0 	0 	0 	0 	0 	0 	0 	0 	0 	0 	0 	0 	0 	0 	0 	2.9957 		 	0.8750
639 	0 	7 	0 	0 	0 	0 	0 	0 	0 	0 	6 	0 	0 	0 	0 	1 	0 	0 	0 	0 	2.0975 		 	0.8750
640 	0 	0 	0 	0 	0 	0 	0 	0 	0 	0 	0 	0 	0 	0 	0 	0 	14 	0 	0 	0 	2.9957 		 	0.8750
641 	0 	0 	0 	0 	0 	8 	0 	0 	0 	0 	0 	0 	0 	0 	0 	6 	0 	0 	0 	0 	2.3128 		 	0.8750
642 	0 	14 	0 	0 	0 	0 	0 	0 	0 	0 	0 	0 	0 	0 	0 	0 	0 	0 	0 	0 	2.9957 		 	0.8750
643 	0 	7 	0 	0 	0 	7 	0 	0 	0 	0 	0 	0 	0 	0 	0 	0 	0 	0 	0 	0 	2.3026 		 	0.8750
644 	0 	0 	0 	0 	0 	1 	0 	0 	0 	0 	0 	0 	0 	0 	0 	7 	6 	0 	0 	0 	2.0975 		 	0.8750
645 	0 	7 	0 	0 	1 	0 	0 	0 	0 	0 	0 	2 	0 	0 	0 	4 	0 	0 	0 	0 	1.8247 		 	0.8750
646 	0 	0 	0 	0 	1 	0 	0 	0 	0 	0 	0 	0 	0 	0 	0 	0 	0 	0 	0 	0 	2.9957 		 	0.0625
647 	0 	0 	0 	0 	0 	0 	0 	0 	0 	0 	0 	0 	0 	0 	0 	1 	0 	0 	0 	0 	2.9957 		 	0.0625
648 	0 	8 	0 	0 	0 	0 	0 	0 	0 	6 	0 	0 	0 	0 	0 	0 	0 	0 	0 	0 	2.3128 		 	0.8750
649 	0 	0 	0 	0 	5 	0 	0 	0 	6 	1 	2 	0 	0 	0 	0 	0 	0 	0 	0 	0 	1.7984 		 	0.8750
650 	1 	0 	0 	0 	0 	9 	0 	0 	4 	0 	0 	0 	0 	0 	0 	0 	0 	0 	0 	0 	2.1653 		 	0.8750
651 	6 	0 	0 	0 	0 	0 	0 	0 	3 	0 	0 	0 	0 	0 	0 	1 	0 	0 	0 	0 	2.0978 		 	0.6250
652 	0 	6 	0 	0 	0 	0 	0 	0 	0 	3 	0 	0 	0 	0 	0 	0 	0 	0 	0 	0 	2.3592 		 	0.5625
653 	0 	0 	0 	0 	0 	0 	0 	0 	7 	0 	0 	0 	0 	0 	0 	7 	0 	0 	0 	0 	2.3026 		 	0.8750
654 	0 	13 	0 	0 	0 	0 	0 	1 	0 	0 	0 	0 	0 	0 	0 	0 	0 	0 	0 	0 	2.7384 		 	0.8750
655 	0 	0 	0 	0 	0 	10 	0 	0 	0 	0 	0 	3 	0 	0 	1 	0 	0 	0 	0 	0 	2.2368 		 	0.8750
656 	0 	0 	0 	0 	0 	4 	0 	0 	0 	0 	0 	1 	0 	0 	3 	6 	0 	0 	0 	0 	1.7561 		 	0.8750
657 	0 	14 	0 	0 	0 	0 	0 	0 	0 	0 	0 	0 	0 	0 	0 	0 	0 	0 	0 	0 	2.9957 		 	0.8750
658 	0 	14 	0 	0 	0 	0 	0 	0 	0 	0 	0 	0 	0 	0 	0 	0 	0 	0 	0 	0 	2.9957 		 	0.8750
659 	0 	0 	6 	1 	0 	0 	0 	0 	6 	0 	0 	0 	0 	0 	0 	0 	0 	0 	0 	0 	2.0847 		 	0.8125
660 	0 	0 	2 	1 	6 	0 	0 	0 	0 	0 	0 	0 	0 	0 	2 	2 	0 	0 	0 	0 	1.5777 		 	0.8125
661 	0 	0 	0 	0 	0 	0 	0 	0 	0 	0 	0 	0 	0 	0 	0 	0 	1 	0 	0 	6 	2.5856 		 	0.4375
662 	0 	0 	7 	2 	0 	1 	0 	0 	1 	0 	0 	0 	0 	0 	0 	0 	2 	0 	0 	0 	1.6919 		 	0.8125
663 	0 	0 	0 	0 	0 	0 	0 	0 	0 	1 	0 	0 	0 	0 	0 	0 	0 	0 	0 	0 	2.9957 		 	0.0625
664 	0 	0 	0 	0 	0 	0 	0 	0 	0 	0 	0 	0 	1 	0 	0 	0 	0 	0 	0 	0 	2.9957 		 	0.0625
665 	0 	0 	0 	9 	0 	3 	0 	0 	0 	0 	0 	0 	0 	0 	0 	0 	0 	0 	0 	1 	2.2055 		 	0.8125
666 	0 	0 	6 	0 	0 	0 	1 	0 	0 	0 	0 	0 	0 	0 	0 	0 	0 	0 	0 	6 	2.0847 		 	0.8125
667 	0 	0 	9 	1 	0 	0 	0 	0 	0 	0 	0 	0 	0 	3 	0 	0 	0 	0 	0 	0 	2.2055 		 	0.8125
668 	0 	0 	1 	2 	0 	0 	0 	0 	0 	2 	0 	0 	0 	0 	0 	6 	0 	2 	0 	0 	1.5777 		 	0.8125
669 	0 	0 	0 	10 	0 	0 	0 	0 	0 	2 	0 	0 	0 	0 	0 	1 	0 	0 	0 	0 	2.3086 		 	0.8125
670 	0 	0 	0 	0 	0 	0 	0 	1 	2 	0 	0 	0 	8 	0 	0 	0 	0 	2 	0 	0 	1.9237 		 	0.8125
671 	0 	0 	0 	0 	0 	0 	2 	4 	0 	0 	0 	0 	0 	0 	0 	0 	0 	7 	0 	0 	2.0118 		 	0.8125
672 	0 	0 	0 	0 	0 	0 	2 	1 	4 	6 	0 	0 	0 	0 	0 	0 	0 	0 	0 	0 	1.7909 		 	0.8125
673 	0 	0 	0 	0 	0 	0 	1 	1 	6 	0 	0 	0 	0 	0 	0 	0 	2 	3 	0 	0 	1.6179 		 	0.8125
674 	0 	0 	0 	0 	0 	6 	3 	0 	0 	0 	0 	1 	0 	1 	0 	2 	0 	0 	0 	0 	1.6179 		 	0.8125
675 	0 	0 	0 	0 	0 	0 	0 	1 	0 	0 	0 	0 	0 	0 	0 	0 	0 	8 	0 	0 	2.6469 		 	0.5625
676 	0 	0 	0 	0 	0 	0 	0 	0 	6 	0 	0 	0 	0 	0 	0 	1 	0 	0 	0 	0 	2.5856 		 	0.4375
677 	0 	0 	0 	0 	0 	0 	0 	0 	0 	6 	0 	0 	0 	0 	0 	1 	0 	0 	0 	0 	2.5856 		 	0.4375
678 	0 	0 	0 	0 	0 	0 	7 	0 	0 	0 	0 	0 	0 	0 	0 	0 	0 	0 	0 	0 	2.9957 		 	0.4375
679 	0 	0 	2 	1 	0 	0 	0 	0 	0 	0 	0 	0 	0 	0 	0 	0 	0 	0 	0 	4 	2.0400 		 	0.4375
680 	0 	0 	3 	0 	0 	0 	0 	0 	0 	0 	0 	0 	0 	0 	0 	0 	4 	0 	0 	0 	2.3128 		 	0.4375
# End LogoData
