## LogoData
# First column is position number, counting from zero
# Subsequent columns are raw symbol counts
# Entropy is mean entropy measured in nats.
# Low and High are the 95% confidence limits.
# Weight is the fraction of non-gap symbols in the column.
#	
#	A 	C 	D 	E 	F 	G 	H 	I 	K 	L 	M 	N 	P 	Q 	R 	S 	T 	V 	W 	Y 	Entropy	Low	High	Weight
1 	0 	0 	0 	0 	0 	0 	0 	0 	0 	0 	0 	1 	0 	0 	0 	4 	0 	0 	0 	0 	2.4953 		 	0.3125
2 	0 	0 	0 	0 	0 	0 	0 	5 	0 	0 	0 	0 	0 	0 	0 	0 	0 	0 	0 	0 	2.9957 		 	0.3125
3 	0 	0 	0 	0 	1 	0 	0 	0 	0 	4 	0 	0 	0 	0 	0 	0 	0 	0 	0 	0 	2.4953 		 	0.3125
4 	0 	0 	0 	0 	0 	0 	0 	0 	0 	0 	0 	0 	0 	0 	0 	0 	0 	0 	5 	0 	2.9957 		 	0.3125
5 	0 	0 	0 	0 	0 	0 	0 	0 	1 	0 	0 	0 	0 	0 	4 	0 	0 	0 	0 	0 	2.4953 		 	0.3125
6 	0 	0 	0 	5 	0 	0 	0 	0 	0 	0 	0 	0 	0 	0 	0 	0 	0 	0 	0 	0 	2.9957 		 	0.3125
7 	0 	0 	0 	0 	0 	5 	0 	0 	0 	0 	0 	0 	0 	0 	0 	0 	0 	0 	0 	0 	2.9957 		 	0.3125
8 	0 	0 	5 	0 	0 	0 	0 	0 	0 	0 	0 	0 	0 	0 	0 	0 	0 	0 	0 	0 	2.9957 		 	0.3125
9 	0 	0 	0 	0 	0 	0 	0 	1 	0 	0 	4 	0 	0 	0 	0 	0 	0 	0 	0 	0 	2.4953 		 	0.3125
10 	0 	0 	0 	0 	5 	0 	0 	0 	0 	0 	0 	0 	0 	0 	0 	0 	0 	0 	0 	0 	2.9957 		 	0.3125
11 	0 	0 	0 	0 	0 	0 	0 	0 	0 	0 	0 	0 	5 	0 	0 	0 	0 	0 	0 	0 	2.9957 		 	0.3125
12 	0 	0 	0 	0 	5 	0 	0 	0 	0 	0 	0 	0 	0 	0 	0 	0 	0 	0 	0 	0 	2.9957 		 	0.3125
13 	0 	0 	0 	0 	0 	0 	0 	0 	0 	5 	0 	0 	0 	0 	0 	0 	0 	0 	0 	0 	2.9957 		 	0.3125
14 	0 	0 	5 	0 	0 	0 	0 	0 	0 	0 	0 	0 	0 	0 	0 	0 	0 	0 	0 	0 	2.9957 		 	0.3125
15 	0 	0 	0 	0 	0 	5 	0 	0 	0 	0 	0 	0 	0 	0 	0 	0 	0 	0 	0 	0 	2.9957 		 	0.3125
16 	0 	0 	0 	0 	0 	0 	0 	0 	0 	5 	0 	0 	0 	0 	0 	0 	0 	0 	0 	0 	2.9957 		 	0.3125
17 	0 	0 	0 	0 	0 	0 	0 	5 	0 	0 	0 	0 	0 	0 	0 	0 	0 	0 	0 	0 	2.9957 		 	0.3125
18 	0 	0 	0 	0 	0 	0 	0 	0 	0 	0 	0 	5 	0 	0 	0 	0 	0 	0 	0 	0 	2.9957 		 	0.3125
19 	4 	0 	0 	0 	0 	0 	0 	0 	0 	0 	0 	0 	0 	0 	0 	0 	1 	0 	0 	0 	2.4953 		 	0.3125
20 	0 	0 	0 	1 	0 	0 	0 	0 	0 	0 	0 	0 	4 	0 	0 	0 	0 	0 	0 	0 	2.4953 		 	0.3125
21 	0 	0 	0 	0 	0 	0 	0 	5 	0 	0 	0 	0 	0 	0 	0 	0 	0 	0 	0 	0 	2.9957 		 	0.3125
22 	0 	0 	5 	0 	0 	0 	0 	0 	0 	0 	0 	0 	0 	0 	0 	0 	0 	0 	0 	0 	2.9957 		 	0.3125
23 	0 	0 	0 	0 	5 	0 	0 	0 	0 	0 	0 	0 	0 	0 	0 	0 	0 	0 	0 	0 	2.9957 		 	0.3125
24 	0 	0 	5 	0 	0 	0 	0 	0 	0 	0 	0 	0 	0 	0 	0 	0 	0 	0 	0 	0 	2.9957 		 	0.3125
25 	0 	0 	0 	0 	0 	0 	0 	0 	0 	0 	0 	0 	5 	0 	0 	0 	0 	0 	0 	0 	2.9957 		 	0.3125
26 	0 	0 	0 	0 	0 	0 	0 	1 	0 	0 	0 	0 	0 	0 	0 	0 	0 	4 	0 	0 	2.4953 		 	0.3125
27 	0 	0 	0 	0 	0 	0 	0 	0 	0 	0 	0 	0 	5 	0 	0 	0 	0 	0 	0 	0 	2.9957 		 	0.3125
28 	0 	0 	0 	0 	0 	0 	0 	0 	0 	0 	0 	5 	0 	0 	0 	0 	0 	0 	0 	0 	2.9957 		 	0.3125
29 	0 	0 	0 	0 	0 	0 	0 	0 	0 	0 	0 	0 	0 	0 	0 	0 	5 	0 	0 	0 	2.9957 		 	0.3125
30 	0 	0 	0 	1 	0 	0 	0 	0 	4 	0 	0 	0 	0 	0 	0 	0 	0 	0 	0 	0 	2.4953 		 	0.3125
31 	0 	0 	0 	0 	0 	0 	0 	0 	0 	0 	0 	0 	0 	0 	0 	0 	5 	0 	0 	0 	2.9957 		 	0.3125
32 	0 	0 	0 	0 	0 	0 	0 	5 	0 	0 	0 	0 	0 	0 	0 	0 	0 	0 	0 	0 	2.9957 		 	0.3125
33 	0 	0 	0 	0 	5 	0 	0 	0 	0 	0 	0 	0 	0 	0 	0 	0 	0 	0 	0 	0 	2.9957 		 	0.3125
34 	0 	0 	5 	0 	0 	0 	0 	0 	0 	0 	0 	0 	0 	0 	0 	0 	0 	0 	0 	0 	2.9957 		 	0.3125
35 	0 	0 	0 	5 	0 	0 	0 	0 	0 	0 	0 	0 	0 	0 	0 	0 	0 	0 	0 	0 	2.9957 		 	0.3125
36 	0 	0 	0 	0 	0 	0 	0 	0 	0 	0 	0 	0 	0 	0 	0 	5 	0 	0 	0 	0 	2.9957 		 	0.3125
37 	0 	0 	0 	0 	0 	0 	0 	0 	0 	0 	0 	0 	1 	0 	0 	4 	0 	0 	0 	0 	2.4953 		 	0.3125
38 	0 	0 	0 	0 	0 	0 	0 	0 	0 	0 	0 	0 	0 	0 	0 	5 	0 	0 	0 	0 	2.9957 		 	0.3125
39 	0 	0 	0 	0 	1 	0 	0 	0 	0 	0 	0 	0 	0 	0 	0 	4 	0 	0 	0 	0 	2.4953 		 	0.3125
40 	0 	0 	0 	0 	0 	4 	0 	0 	0 	0 	0 	1 	0 	0 	0 	0 	0 	0 	0 	0 	2.4953 		 	0.3125
41 	4 	0 	0 	0 	0 	0 	0 	0 	0 	0 	0 	0 	0 	0 	0 	0 	1 	0 	0 	0 	2.4953 		 	0.3125
42 	0 	0 	0 	0 	0 	0 	0 	0 	0 	0 	0 	0 	0 	0 	0 	5 	0 	0 	0 	0 	2.9957 		 	0.3125
43 	3 	0 	0 	0 	0 	0 	0 	0 	0 	0 	0 	0 	0 	0 	0 	0 	2 	0 	0 	0 	2.3227 		 	0.3125
44 	0 	0 	0 	4 	0 	0 	0 	0 	0 	0 	0 	1 	0 	0 	0 	0 	0 	0 	0 	0 	2.4953 		 	0.3125
45 	0 	0 	0 	5 	0 	0 	0 	0 	0 	0 	0 	0 	0 	0 	0 	0 	0 	0 	0 	0 	2.9957 		 	0.3125
46 	0 	0 	4 	1 	0 	0 	0 	0 	0 	0 	0 	0 	0 	0 	0 	0 	0 	0 	0 	0 	2.4953 		 	0.3125
47 	0 	0 	0 	0 	0 	0 	0 	0 	0 	0 	0 	0 	0 	5 	0 	0 	0 	0 	0 	0 	2.9957 		 	0.3125
48 	0 	0 	0 	0 	0 	0 	5 	0 	0 	0 	0 	0 	0 	0 	0 	0 	0 	0 	0 	0 	2.9957 		 	0.3125
49 	4 	0 	0 	0 	0 	0 	0 	0 	0 	0 	0 	0 	0 	0 	0 	0 	1 	0 	0 	0 	2.4953 		 	0.3125
50 	0 	0 	0 	0 	0 	0 	0 	0 	0 	0 	0 	0 	1 	0 	0 	4 	0 	0 	0 	0 	2.4953 		 	0.3125
51 	0 	0 	0 	0 	0 	0 	0 	0 	0 	0 	0 	0 	4 	0 	0 	1 	0 	0 	0 	0 	2.4953 		 	0.3125
52 	0 	0 	0 	0 	0 	0 	0 	0 	0 	0 	0 	5 	0 	0 	0 	0 	0 	0 	0 	0 	2.9957 		 	0.3125
53 	0 	0 	0 	0 	0 	0 	0 	5 	0 	0 	0 	0 	0 	0 	0 	0 	0 	0 	0 	0 	2.9957 		 	0.3125
54 	0 	0 	0 	0 	0 	0 	0 	0 	0 	0 	0 	0 	0 	0 	0 	5 	0 	0 	0 	0 	2.9957 		 	0.3125
55 	0 	0 	0 	0 	0 	0 	0 	0 	0 	5 	0 	0 	0 	0 	0 	0 	0 	0 	0 	0 	2.9957 		 	0.3125
56 	0 	0 	0 	0 	0 	0 	0 	0 	0 	0 	0 	0 	0 	0 	0 	0 	5 	0 	0 	0 	2.9957 		 	0.3125
57 	0 	0 	0 	0 	1 	0 	0 	0 	0 	4 	0 	0 	0 	0 	0 	0 	0 	0 	0 	0 	2.4953 		 	0.3125
58 	0 	0 	0 	0 	0 	0 	0 	0 	0 	0 	0 	0 	0 	0 	0 	5 	0 	0 	0 	0 	2.9957 		 	0.3125
59 	0 	0 	0 	0 	0 	0 	0 	0 	0 	0 	0 	0 	0 	0 	0 	0 	0 	0 	0 	5 	2.9957 		 	0.3125
60 	0 	0 	0 	0 	4 	0 	0 	0 	0 	1 	0 	0 	0 	0 	0 	0 	0 	0 	0 	0 	2.4953 		 	0.3125
61 	0 	0 	0 	0 	0 	0 	0 	0 	0 	0 	0 	0 	5 	0 	0 	0 	0 	0 	0 	0 	2.9957 		 	0.3125
62 	0 	0 	1 	0 	0 	0 	1 	0 	1 	0 	0 	2 	0 	0 	0 	0 	0 	0 	0 	0 	1.6636 		 	0.3125
63 	0 	0 	0 	0 	0 	0 	0 	2 	1 	0 	0 	0 	0 	0 	0 	0 	1 	1 	0 	0 	1.6636 		 	0.3125
64 	0 	0 	0 	0 	0 	0 	0 	0 	0 	0 	0 	4 	0 	0 	0 	1 	0 	0 	0 	0 	2.4953 		 	0.3125
65 	0 	0 	0 	3 	0 	2 	0 	0 	0 	0 	0 	0 	0 	0 	0 	0 	0 	0 	0 	0 	2.3227 		 	0.3125
66 	0 	0 	1 	0 	0 	0 	0 	0 	0 	0 	0 	4 	0 	0 	0 	0 	0 	0 	0 	0 	2.4953 		 	0.3125
67 	0 	0 	0 	0 	0 	0 	0 	0 	0 	0 	0 	0 	0 	0 	0 	0 	5 	0 	0 	0 	2.9957 		 	0.3125
68 	5 	0 	1 	4 	0 	0 	0 	0 	0 	0 	0 	0 	0 	3 	0 	3 	0 	0 	0 	0 	1.4846 		 	1.0000
69 	4 	0 	0 	0 	0 	0 	1 	0 	0 	0 	0 	0 	0 	0 	0 	0 	1 	6 	0 	4 	1.5882 		 	1.0000
70 	0 	0 	0 	0 	0 	0 	0 	4 	0 	0 	0 	3 	0 	0 	3 	5 	1 	0 	0 	0 	1.4846 		 	1.0000
71 	0 	0 	0 	0 	0 	5 	0 	0 	0 	0 	0 	0 	1 	3 	0 	0 	3 	4 	0 	0 	1.4846 		 	1.0000
72 	0 	0 	0 	5 	0 	0 	0 	0 	1 	0 	0 	8 	0 	0 	2 	0 	0 	0 	0 	0 	1.8525 		 	1.0000
73 	7 	0 	0 	0 	0 	0 	0 	0 	0 	0 	0 	5 	0 	0 	0 	0 	4 	0 	0 	0 	1.9240 		 	1.0000
74 	3 	0 	0 	5 	0 	0 	0 	0 	0 	0 	0 	0 	0 	5 	0 	0 	3 	0 	0 	0 	1.6410 		 	1.0000
75 	0 	0 	0 	0 	0 	3 	0 	0 	0 	0 	0 	8 	5 	0 	0 	0 	0 	0 	0 	0 	1.9718 		 	1.0000
76 	0 	0 	5 	0 	0 	0 	0 	0 	11 	0 	0 	0 	0 	0 	0 	0 	0 	0 	0 	0 	2.3746 		 	1.0000
77 	0 	16 	0 	0 	0 	0 	0 	0 	0 	0 	0 	0 	0 	0 	0 	0 	0 	0 	0 	0 	2.9957 		 	1.0000
78 	0 	0 	5 	0 	0 	0 	0 	0 	0 	0 	0 	11 	0 	0 	0 	0 	0 	0 	0 	0 	2.3746 		 	1.0000
79 	5 	0 	0 	0 	0 	0 	0 	0 	0 	0 	0 	0 	11 	0 	0 	0 	0 	0 	0 	0 	2.3746 		 	1.0000
80 	0 	0 	3 	5 	0 	0 	0 	0 	0 	0 	0 	8 	0 	0 	0 	0 	0 	0 	0 	0 	1.9718 		 	1.0000
81 	0 	0 	0 	0 	0 	0 	0 	0 	0 	16 	0 	0 	0 	0 	0 	0 	0 	0 	0 	0 	2.9957 		 	1.0000
82 	0 	0 	0 	0 	0 	0 	10 	0 	0 	0 	0 	0 	0 	0 	5 	0 	0 	0 	0 	1 	2.1652 		 	1.0000
83 	0 	0 	0 	0 	0 	0 	0 	5 	0 	0 	0 	0 	0 	0 	0 	0 	0 	0 	0 	11 	2.3746 		 	1.0000
84 	0 	0 	0 	0 	0 	0 	0 	0 	0 	0 	0 	0 	0 	0 	0 	0 	0 	0 	16 	0 	2.9957 		 	1.0000
85 	0 	0 	0 	0 	0 	0 	0 	0 	0 	0 	0 	0 	0 	0 	0 	5 	11 	0 	0 	0 	2.3746 		 	1.0000
86 	7 	0 	0 	0 	0 	0 	0 	0 	0 	0 	0 	0 	0 	0 	0 	0 	4 	5 	0 	0 	1.9240 		 	1.0000
87 	0 	0 	0 	0 	0 	0 	0 	0 	0 	1 	0 	0 	0 	12 	0 	0 	0 	3 	0 	0 	2.2928 		 	1.0000
88 	0 	0 	8 	8 	0 	0 	0 	0 	0 	0 	0 	0 	0 	0 	0 	0 	0 	0 	0 	0 	2.3026 		 	1.0000
89 	0 	0 	5 	8 	0 	0 	0 	0 	0 	0 	0 	0 	0 	3 	0 	0 	0 	0 	0 	0 	1.9718 		 	1.0000
90 	0 	0 	5 	0 	0 	8 	3 	0 	0 	0 	0 	0 	0 	0 	0 	0 	0 	0 	0 	0 	1.9718 		 	1.0000
91 	8 	0 	0 	0 	0 	0 	0 	0 	0 	5 	0 	3 	0 	0 	0 	0 	0 	0 	0 	0 	1.9718 		 	1.0000
92 	16 	0 	0 	0 	0 	0 	0 	0 	0 	0 	0 	0 	0 	0 	0 	0 	0 	0 	0 	0 	2.9957 		 	1.0000
93 	9 	0 	0 	0 	0 	0 	0 	5 	0 	0 	0 	0 	0 	0 	0 	0 	0 	2 	0 	0 	2.0487 		 	1.0000
94 	0 	0 	0 	0 	0 	16 	0 	0 	0 	0 	0 	0 	0 	0 	0 	0 	0 	0 	0 	0 	2.9957 		 	1.0000
95 	0 	0 	0 	0 	0 	0 	0 	3 	0 	13 	0 	0 	0 	0 	0 	0 	0 	0 	0 	0 	2.5132 		 	1.0000
96 	11 	0 	0 	0 	0 	0 	0 	0 	0 	0 	0 	0 	0 	0 	0 	5 	0 	0 	0 	0 	2.3746 		 	1.0000
97 	0 	0 	0 	0 	0 	0 	0 	0 	0 	0 	0 	0 	0 	0 	0 	0 	0 	0 	16 	0 	2.9957 		 	1.0000
98 	0 	0 	0 	0 	0 	0 	0 	16 	0 	0 	0 	0 	0 	0 	0 	0 	0 	0 	0 	0 	2.9957 		 	1.0000
99 	0 	0 	0 	0 	0 	0 	0 	0 	0 	0 	0 	0 	16 	0 	0 	0 	0 	0 	0 	0 	2.9957 		 	1.0000
100 	0 	0 	0 	0 	5 	0 	0 	0 	0 	0 	0 	0 	0 	0 	0 	0 	0 	0 	0 	11 	2.3746 		 	1.0000
101 	0 	0 	0 	0 	16 	0 	0 	0 	0 	0 	0 	0 	0 	0 	0 	0 	0 	0 	0 	0 	2.9957 		 	1.0000
102 	0 	0 	0 	0 	0 	16 	0 	0 	0 	0 	0 	0 	0 	0 	0 	0 	0 	0 	0 	0 	2.9957 		 	1.0000
103 	0 	0 	0 	0 	0 	0 	0 	0 	0 	0 	0 	0 	16 	0 	0 	0 	0 	0 	0 	0 	2.9957 		 	1.0000
104 	8 	0 	0 	0 	0 	8 	0 	0 	0 	0 	0 	0 	0 	0 	0 	0 	0 	0 	0 	0 	2.3026 		 	1.0000
105 	11 	0 	0 	0 	0 	0 	0 	5 	0 	0 	0 	0 	0 	0 	0 	0 	0 	0 	0 	0 	2.3746 		 	1.0000
106 	0 	0 	0 	16 	0 	0 	0 	0 	0 	0 	0 	0 	0 	0 	0 	0 	0 	0 	0 	0 	2.9957 		 	1.0000
107 	0 	0 	0 	0 	0 	16 	0 	0 	0 	0 	0 	0 	0 	0 	0 	0 	0 	0 	0 	0 	2.9957 		 	1.0000
108 	0 	0 	0 	0 	0 	0 	0 	11 	0 	5 	0 	0 	0 	0 	0 	0 	0 	0 	0 	0 	2.3746 		 	1.0000
109 	0 	0 	0 	0 	0 	0 	0 	0 	0 	0 	0 	0 	0 	0 	0 	0 	0 	0 	0 	16 	2.9957 		 	1.0000
110 	0 	0 	0 	0 	0 	0 	0 	5 	0 	0 	0 	0 	0 	0 	0 	0 	11 	0 	0 	0 	2.3746 		 	1.0000
111 	5 	0 	0 	11 	0 	0 	0 	0 	0 	0 	0 	0 	0 	0 	0 	0 	0 	0 	0 	0 	2.3746 		 	1.0000
112 	0 	0 	0 	0 	0 	15 	0 	0 	0 	0 	0 	0 	0 	0 	0 	0 	0 	1 	0 	0 	2.7619 		 	1.0000
113 	0 	0 	0 	0 	0 	0 	0 	1 	0 	12 	0 	0 	0 	0 	0 	0 	0 	3 	0 	0 	2.2928 		 	1.0000
114 	0 	0 	0 	0 	0 	0 	0 	5 	0 	0 	11 	0 	0 	0 	0 	0 	0 	0 	0 	0 	2.3746 		 	1.0000
115 	0 	0 	0 	1 	0 	0 	10 	0 	5 	0 	0 	0 	0 	0 	0 	0 	0 	0 	0 	0 	2.1652 		 	1.0000
116 	0 	0 	0 	0 	0 	0 	0 	0 	0 	0 	0 	16 	0 	0 	0 	0 	0 	0 	0 	0 	2.9957 		 	1.0000
117 	0 	0 	0 	0 	0 	0 	0 	0 	0 	0 	0 	0 	0 	16 	0 	0 	0 	0 	0 	0 	2.9957 		 	1.0000
118 	0 	0 	3 	0 	0 	0 	0 	0 	0 	0 	0 	13 	0 	0 	0 	0 	0 	0 	0 	0 	2.5132 		 	1.0000
119 	3 	0 	0 	0 	0 	8 	0 	0 	0 	0 	0 	5 	0 	0 	0 	0 	0 	0 	0 	0 	1.9718 		 	1.0000
120 	0 	0 	0 	0 	0 	0 	0 	0 	0 	16 	0 	0 	0 	0 	0 	0 	0 	0 	0 	0 	2.9957 		 	1.0000
121 	0 	0 	0 	0 	0 	0 	0 	8 	0 	0 	0 	0 	0 	0 	0 	0 	0 	8 	0 	0 	2.3026 		 	1.0000
122 	0 	16 	0 	0 	0 	0 	0 	0 	0 	0 	0 	0 	0 	0 	0 	0 	0 	0 	0 	0 	2.9957 		 	1.0000
123 	0 	0 	0 	0 	0 	11 	0 	0 	0 	0 	0 	0 	0 	0 	5 	0 	0 	0 	0 	0 	2.3746 		 	1.0000
124 	0 	0 	0 	0 	0 	0 	0 	0 	0 	16 	0 	0 	0 	0 	0 	0 	0 	0 	0 	0 	2.9957 		 	1.0000
125 	0 	0 	0 	0 	0 	0 	0 	0 	0 	0 	0 	0 	0 	0 	16 	0 	0 	0 	0 	0 	2.9957 		 	1.0000
126 	0 	0 	0 	0 	0 	0 	0 	0 	0 	0 	0 	0 	0 	11 	5 	0 	0 	0 	0 	0 	2.3746 		 	1.0000
127 	0 	0 	0 	0 	0 	0 	0 	0 	0 	16 	0 	0 	0 	0 	0 	0 	0 	0 	0 	0 	2.9957 		 	1.0000
128 	16 	0 	0 	0 	0 	0 	0 	0 	0 	0 	0 	0 	0 	0 	0 	0 	0 	0 	0 	0 	2.9957 		 	1.0000
129 	0 	0 	0 	0 	0 	0 	0 	0 	0 	0 	0 	16 	0 	0 	0 	0 	0 	0 	0 	0 	2.9957 		 	1.0000
130 	0 	0 	0 	11 	0 	0 	0 	0 	0 	0 	0 	0 	0 	5 	0 	0 	0 	0 	0 	0 	2.3746 		 	1.0000
131 	0 	0 	0 	0 	0 	0 	0 	0 	0 	0 	0 	0 	0 	0 	0 	0 	16 	0 	0 	0 	2.9957 		 	1.0000
132 	5 	0 	0 	0 	0 	0 	0 	0 	0 	0 	0 	0 	0 	0 	0 	0 	11 	0 	0 	0 	2.3746 		 	1.0000
133 	0 	0 	0 	0 	0 	0 	0 	0 	5 	0 	0 	0 	0 	11 	0 	0 	0 	0 	0 	0 	2.3746 		 	1.0000
134 	11 	0 	0 	0 	0 	0 	0 	0 	0 	0 	0 	0 	0 	0 	0 	5 	0 	0 	0 	0 	2.3746 		 	1.0000
135 	0 	0 	0 	0 	0 	0 	0 	0 	0 	16 	0 	0 	0 	0 	0 	0 	0 	0 	0 	0 	2.9957 		 	1.0000
136 	0 	0 	0 	5 	0 	0 	0 	0 	0 	0 	0 	0 	0 	11 	0 	0 	0 	0 	0 	0 	2.3746 		 	1.0000
137 	0 	0 	0 	0 	0 	0 	0 	0 	0 	16 	0 	0 	0 	0 	0 	0 	0 	0 	0 	0 	2.9957 		 	1.0000
138 	0 	0 	0 	0 	11 	0 	0 	0 	0 	5 	0 	0 	0 	0 	0 	0 	0 	0 	0 	0 	2.3746 		 	1.0000
139 	0 	0 	0 	0 	0 	0 	0 	0 	0 	16 	0 	0 	0 	0 	0 	0 	0 	0 	0 	0 	2.9957 		 	1.0000
140 	0 	0 	0 	0 	0 	0 	0 	0 	0 	0 	0 	0 	0 	0 	16 	0 	0 	0 	0 	0 	2.9957 		 	1.0000
141 	11 	0 	0 	0 	0 	0 	0 	0 	0 	0 	0 	0 	0 	0 	0 	0 	0 	5 	0 	0 	2.3746 		 	1.0000
142 	0 	0 	0 	0 	0 	0 	0 	0 	0 	0 	0 	0 	0 	0 	0 	0 	16 	0 	0 	0 	2.9957 		 	1.0000
143 	0 	0 	0 	0 	0 	0 	0 	0 	0 	0 	0 	0 	0 	0 	0 	0 	16 	0 	0 	0 	2.9957 		 	1.0000
144 	0 	0 	0 	16 	0 	0 	0 	0 	0 	0 	0 	0 	0 	0 	0 	0 	0 	0 	0 	0 	2.9957 		 	1.0000
145 	0 	0 	0 	5 	0 	0 	0 	0 	0 	11 	0 	0 	0 	0 	0 	0 	0 	0 	0 	0 	2.3746 		 	1.0000
146 	0 	0 	0 	0 	0 	0 	0 	0 	0 	0 	0 	0 	0 	0 	16 	0 	0 	0 	0 	0 	2.9957 		 	1.0000
147 	0 	0 	0 	0 	0 	0 	0 	0 	0 	0 	0 	0 	0 	0 	0 	0 	16 	0 	0 	0 	2.9957 		 	1.0000
148 	0 	0 	0 	0 	10 	0 	0 	0 	0 	0 	0 	0 	0 	0 	0 	0 	0 	0 	0 	6 	2.3342 		 	1.0000
149 	0 	0 	0 	0 	0 	0 	0 	0 	0 	0 	0 	0 	0 	0 	0 	13 	3 	0 	0 	0 	2.5132 		 	1.0000
150 	0 	0 	0 	0 	0 	0 	0 	8 	0 	8 	0 	0 	0 	0 	0 	0 	0 	0 	0 	0 	2.3026 		 	1.0000
151 	0 	0 	0 	0 	0 	0 	0 	5 	0 	11 	0 	0 	0 	0 	0 	0 	0 	0 	0 	0 	2.3746 		 	1.0000
152 	0 	0 	0 	0 	0 	0 	0 	0 	0 	0 	0 	16 	0 	0 	0 	0 	0 	0 	0 	0 	2.9957 		 	1.0000
153 	0 	0 	0 	0 	0 	0 	0 	0 	0 	0 	0 	0 	0 	0 	16 	0 	0 	0 	0 	0 	2.9957 		 	1.0000
154 	0 	0 	0 	0 	0 	0 	5 	0 	11 	0 	0 	0 	0 	0 	0 	0 	0 	0 	0 	0 	2.3746 		 	1.0000
155 	16 	0 	0 	0 	0 	0 	0 	0 	0 	0 	0 	0 	0 	0 	0 	0 	0 	0 	0 	0 	2.9957 		 	1.0000
156 	0 	0 	0 	0 	0 	0 	0 	16 	0 	0 	0 	0 	0 	0 	0 	0 	0 	0 	0 	0 	2.9957 		 	1.0000
157 	0 	0 	16 	0 	0 	0 	0 	0 	0 	0 	0 	0 	0 	0 	0 	0 	0 	0 	0 	0 	2.9957 		 	1.0000
158 	0 	0 	0 	0 	16 	0 	0 	0 	0 	0 	0 	0 	0 	0 	0 	0 	0 	0 	0 	0 	2.9957 		 	1.0000
159 	0 	0 	0 	0 	0 	0 	0 	0 	0 	16 	0 	0 	0 	0 	0 	0 	0 	0 	0 	0 	2.9957 		 	1.0000
160 	0 	0 	0 	0 	0 	0 	0 	0 	0 	16 	0 	0 	0 	0 	0 	0 	0 	0 	0 	0 	2.9957 		 	1.0000
161 	1 	0 	0 	0 	0 	0 	0 	0 	0 	0 	0 	0 	0 	8 	3 	0 	4 	0 	0 	0 	1.8154 		 	1.0000
162 	0 	0 	0 	0 	0 	0 	0 	0 	0 	0 	0 	0 	0 	0 	16 	0 	0 	0 	0 	0 	2.9957 		 	1.0000
163 	0 	0 	0 	0 	0 	0 	0 	0 	0 	0 	0 	0 	0 	0 	0 	0 	0 	0 	16 	0 	2.9957 		 	1.0000
164 	0 	0 	0 	0 	0 	16 	0 	0 	0 	0 	0 	0 	0 	0 	0 	0 	0 	0 	0 	0 	2.9957 		 	1.0000
165 	0 	0 	0 	0 	0 	16 	0 	0 	0 	0 	0 	0 	0 	0 	0 	0 	0 	0 	0 	0 	2.9957 		 	1.0000
166 	0 	0 	0 	0 	0 	0 	0 	0 	0 	0 	0 	0 	0 	0 	0 	0 	16 	0 	0 	0 	2.9957 		 	1.0000
167 	0 	16 	0 	0 	0 	0 	0 	0 	0 	0 	0 	0 	0 	0 	0 	0 	0 	0 	0 	0 	2.9957 		 	1.0000
168 	0 	0 	0 	0 	0 	0 	5 	0 	5 	0 	0 	0 	0 	0 	6 	0 	0 	0 	0 	0 	1.9010 		 	1.0000
169 	0 	0 	0 	0 	0 	0 	0 	11 	0 	0 	0 	0 	0 	0 	0 	0 	0 	5 	0 	0 	2.3746 		 	1.0000
170 	0 	0 	0 	0 	0 	0 	0 	0 	0 	16 	0 	0 	0 	0 	0 	0 	0 	0 	0 	0 	2.9957 		 	1.0000
171 	0 	0 	0 	0 	0 	16 	0 	0 	0 	0 	0 	0 	0 	0 	0 	0 	0 	0 	0 	0 	2.9957 		 	1.0000
172 	0 	0 	0 	0 	0 	0 	0 	0 	0 	0 	0 	0 	16 	0 	0 	0 	0 	0 	0 	0 	2.9957 		 	1.0000
173 	0 	0 	13 	0 	0 	0 	0 	0 	0 	0 	0 	0 	0 	0 	0 	3 	0 	0 	0 	0 	2.5132 		 	1.0000
174 	0 	16 	0 	0 	0 	0 	0 	0 	0 	0 	0 	0 	0 	0 	0 	0 	0 	0 	0 	0 	2.9957 		 	1.0000
175 	0 	16 	0 	0 	0 	0 	0 	0 	0 	0 	0 	0 	0 	0 	0 	0 	0 	0 	0 	0 	2.9957 		 	1.0000
176 	0 	0 	0 	0 	0 	0 	0 	16 	0 	0 	0 	0 	0 	0 	0 	0 	0 	0 	0 	0 	2.9957 		 	1.0000
177 	0 	0 	0 	11 	0 	5 	0 	0 	0 	0 	0 	0 	0 	0 	0 	0 	0 	0 	0 	0 	2.3746 		 	1.0000
178 	0 	0 	0 	0 	0 	0 	0 	5 	0 	0 	0 	0 	11 	0 	0 	0 	0 	0 	0 	0 	2.3746 		 	1.0000
179 	0 	0 	0 	5 	0 	0 	10 	0 	0 	0 	0 	0 	0 	1 	0 	0 	0 	0 	0 	0 	2.1652 		 	1.0000
180 	0 	0 	16 	0 	0 	0 	0 	0 	0 	0 	0 	0 	0 	0 	0 	0 	0 	0 	0 	0 	2.9957 		 	1.0000
181 	0 	0 	0 	0 	0 	0 	0 	0 	0 	5 	0 	0 	0 	0 	0 	0 	0 	0 	11 	0 	2.3746 		 	1.0000
182 	0 	0 	0 	0 	0 	0 	0 	0 	0 	0 	0 	0 	0 	0 	0 	5 	11 	0 	0 	0 	2.3746 		 	1.0000
183 	0 	0 	0 	0 	0 	0 	0 	0 	13 	0 	0 	0 	0 	0 	3 	0 	0 	0 	0 	0 	2.5132 		 	1.0000
184 	0 	0 	0 	0 	0 	0 	0 	0 	0 	0 	0 	16 	0 	0 	0 	0 	0 	0 	0 	0 	2.9957 		 	1.0000
185 	0 	0 	0 	0 	0 	0 	0 	16 	0 	0 	0 	0 	0 	0 	0 	0 	0 	0 	0 	0 	2.9957 		 	1.0000
186 	0 	0 	0 	0 	0 	0 	0 	0 	0 	0 	0 	0 	0 	0 	0 	5 	11 	0 	0 	0 	2.3746 		 	1.0000
187 	0 	0 	11 	5 	0 	0 	0 	0 	0 	0 	0 	0 	0 	0 	0 	0 	0 	0 	0 	0 	2.3746 		 	1.0000
188 	0 	0 	0 	3 	0 	0 	0 	0 	8 	0 	0 	0 	0 	5 	0 	0 	0 	0 	0 	0 	1.9718 		 	1.0000
189 	0 	0 	0 	0 	0 	0 	0 	16 	0 	0 	0 	0 	0 	0 	0 	0 	0 	0 	0 	0 	2.9957 		 	1.0000
190 	0 	0 	10 	0 	0 	0 	0 	0 	0 	0 	0 	6 	0 	0 	0 	0 	0 	0 	0 	0 	2.3342 		 	1.0000
191 	0 	0 	0 	0 	0 	0 	0 	0 	1 	0 	0 	0 	0 	15 	0 	0 	0 	0 	0 	0 	2.7619 		 	1.0000
192 	0 	0 	0 	0 	0 	0 	0 	16 	0 	0 	0 	0 	0 	0 	0 	0 	0 	0 	0 	0 	2.9957 		 	1.0000
193 	0 	0 	0 	0 	0 	0 	0 	8 	7 	0 	0 	0 	0 	0 	1 	0 	0 	0 	0 	0 	2.1142 		 	1.0000
194 	0 	0 	0 	0 	0 	0 	11 	0 	5 	0 	0 	0 	0 	0 	0 	0 	0 	0 	0 	0 	2.3746 		 	1.0000
195 	0 	0 	16 	0 	0 	0 	0 	0 	0 	0 	0 	0 	0 	0 	0 	0 	0 	0 	0 	0 	2.9957 		 	1.0000
196 	0 	0 	0 	5 	11 	0 	0 	0 	0 	0 	0 	0 	0 	0 	0 	0 	0 	0 	0 	0 	2.3746 		 	1.0000
197 	0 	0 	0 	0 	0 	0 	0 	6 	0 	0 	0 	0 	0 	5 	0 	0 	0 	5 	0 	0 	1.9010 		 	1.0000
198 	0 	0 	11 	0 	0 	0 	0 	0 	5 	0 	0 	0 	0 	0 	0 	0 	0 	0 	0 	0 	2.3746 		 	1.0000
199 	0 	0 	0 	5 	0 	0 	0 	0 	4 	0 	0 	7 	0 	0 	0 	0 	0 	0 	0 	0 	1.9240 		 	1.0000
200 	0 	0 	0 	1 	0 	4 	0 	0 	0 	0 	0 	1 	6 	0 	0 	0 	4 	0 	0 	0 	1.5882 		 	1.0000
201 	0 	0 	0 	0 	0 	0 	0 	0 	0 	11 	0 	0 	0 	0 	0 	0 	5 	0 	0 	0 	2.3746 		 	1.0000
202 	0 	0 	0 	0 	0 	0 	0 	0 	0 	0 	0 	0 	11 	0 	0 	0 	0 	0 	0 	0 	2.9957 		 	0.6875
203 	0 	0 	7 	0 	0 	5 	0 	0 	0 	0 	0 	4 	0 	0 	0 	0 	0 	0 	0 	0 	1.9240 		 	1.0000
204 	0 	0 	0 	0 	0 	0 	3 	0 	0 	0 	0 	0 	0 	8 	0 	0 	0 	0 	5 	0 	1.9718 		 	1.0000
205 	0 	0 	3 	0 	0 	12 	0 	0 	0 	0 	0 	1 	0 	0 	0 	0 	0 	0 	0 	0 	2.2928 		 	1.0000
206 	0 	0 	8 	0 	0 	0 	0 	0 	0 	5 	0 	3 	0 	0 	0 	0 	0 	0 	0 	0 	1.9718 		 	1.0000
207 	0 	0 	6 	0 	0 	6 	0 	0 	0 	0 	0 	4 	0 	0 	0 	0 	0 	0 	0 	0 	1.9135 		 	1.0000
208 	0 	0 	7 	0 	0 	5 	0 	0 	0 	3 	0 	0 	0 	0 	0 	1 	0 	0 	0 	0 	1.7834 		 	1.0000
209 	0 	0 	0 	0 	0 	0 	0 	0 	5 	0 	0 	11 	0 	0 	0 	0 	0 	0 	0 	0 	2.3746 		 	1.0000
210 	0 	0 	0 	0 	0 	0 	0 	0 	0 	3 	0 	0 	0 	0 	0 	0 	0 	0 	13 	0 	2.5132 		 	1.0000
211 	0 	0 	0 	0 	0 	0 	0 	0 	0 	0 	0 	0 	0 	0 	0 	0 	0 	0 	16 	0 	2.9957 		 	1.0000
212 	0 	0 	0 	0 	0 	0 	0 	0 	0 	0 	0 	0 	0 	0 	0 	0 	16 	0 	0 	0 	2.9957 		 	1.0000
213 	0 	0 	0 	0 	0 	0 	0 	0 	0 	0 	0 	0 	0 	0 	0 	5 	0 	0 	0 	0 	2.9957 		 	0.3125
214 	0 	0 	5 	0 	0 	11 	0 	0 	0 	0 	0 	0 	0 	0 	0 	0 	0 	0 	0 	0 	2.3746 		 	1.0000
215 	0 	0 	0 	0 	0 	0 	0 	0 	0 	0 	0 	0 	0 	0 	0 	0 	0 	0 	16 	0 	2.9957 		 	1.0000
216 	0 	0 	0 	0 	0 	5 	0 	0 	1 	0 	0 	0 	0 	0 	10 	0 	0 	0 	0 	0 	2.1652 		 	1.0000
217 	0 	0 	0 	0 	0 	0 	0 	0 	0 	0 	0 	0 	0 	11 	0 	0 	0 	5 	0 	0 	2.3746 		 	1.0000
218 	0 	0 	0 	0 	0 	0 	0 	0 	0 	5 	0 	0 	0 	0 	0 	0 	0 	0 	11 	0 	2.3746 		 	1.0000
219 	0 	0 	0 	0 	0 	0 	0 	10 	0 	0 	0 	0 	0 	0 	0 	0 	5 	1 	0 	0 	2.1652 		 	1.0000
220 	0 	0 	0 	0 	0 	0 	0 	0 	0 	0 	0 	5 	11 	0 	0 	0 	0 	0 	0 	0 	2.3746 		 	1.0000
221 	11 	0 	0 	0 	0 	0 	0 	0 	0 	5 	0 	0 	0 	0 	0 	0 	0 	0 	0 	0 	2.3746 		 	1.0000
222 	0 	0 	0 	0 	0 	16 	0 	0 	0 	0 	0 	0 	0 	0 	0 	0 	0 	0 	0 	0 	2.9957 		 	1.0000
223 	0 	0 	0 	0 	0 	0 	0 	16 	0 	0 	0 	0 	0 	0 	0 	0 	0 	0 	0 	0 	2.9957 		 	1.0000
224 	0 	0 	0 	0 	0 	11 	0 	0 	0 	5 	0 	0 	0 	0 	0 	0 	0 	0 	0 	0 	2.3746 		 	1.0000
225 	0 	0 	0 	0 	0 	0 	0 	7 	0 	5 	0 	0 	0 	0 	0 	0 	0 	4 	0 	0 	1.9240 		 	1.0000
226 	0 	0 	0 	0 	0 	0 	0 	3 	0 	5 	0 	0 	0 	0 	0 	0 	8 	0 	0 	0 	1.9718 		 	1.0000
227 	0 	0 	0 	0 	0 	11 	0 	0 	0 	5 	0 	0 	0 	0 	0 	0 	0 	0 	0 	0 	2.3746 		 	1.0000
228 	0 	0 	0 	0 	0 	0 	0 	3 	0 	0 	0 	0 	0 	0 	0 	5 	0 	8 	0 	0 	1.9718 		 	1.0000
229 	0 	0 	0 	0 	0 	0 	0 	16 	0 	0 	0 	0 	0 	0 	0 	0 	0 	0 	0 	0 	2.9957 		 	1.0000
230 	5 	0 	0 	0 	0 	0 	0 	11 	0 	0 	0 	0 	0 	0 	0 	0 	0 	0 	0 	0 	2.3746 		 	1.0000
231 	11 	0 	0 	0 	0 	0 	0 	0 	0 	0 	0 	0 	0 	0 	0 	0 	0 	5 	0 	0 	2.3746 		 	1.0000
232 	0 	0 	0 	0 	0 	0 	0 	7 	0 	5 	0 	0 	0 	0 	0 	0 	0 	4 	0 	0 	1.9240 		 	1.0000
233 	0 	0 	0 	0 	0 	0 	0 	16 	0 	0 	0 	0 	0 	0 	0 	0 	0 	0 	0 	0 	2.9957 		 	1.0000
234 	16 	0 	0 	0 	0 	0 	0 	0 	0 	0 	0 	0 	0 	0 	0 	0 	0 	0 	0 	0 	2.9957 		 	1.0000
235 	0 	0 	0 	0 	0 	0 	0 	0 	0 	16 	0 	0 	0 	0 	0 	0 	0 	0 	0 	0 	2.9957 		 	1.0000
236 	0 	0 	0 	0 	4 	0 	0 	0 	0 	7 	0 	0 	0 	0 	0 	5 	0 	0 	0 	0 	1.9240 		 	1.0000
237 	0 	16 	0 	0 	0 	0 	0 	0 	0 	0 	0 	0 	0 	0 	0 	0 	0 	0 	0 	0 	2.9957 		 	1.0000
238 	0 	0 	0 	0 	0 	0 	0 	13 	0 	0 	0 	0 	0 	0 	0 	0 	0 	3 	0 	0 	2.5132 		 	1.0000
239 	0 	16 	0 	0 	0 	0 	0 	0 	0 	0 	0 	0 	0 	0 	0 	0 	0 	0 	0 	0 	2.9957 		 	1.0000
240 	0 	0 	0 	0 	0 	0 	0 	0 	11 	0 	0 	0 	0 	0 	5 	0 	0 	0 	0 	0 	2.3746 		 	1.0000
241 	0 	0 	0 	0 	5 	0 	0 	8 	0 	3 	0 	0 	0 	0 	0 	0 	0 	0 	0 	0 	1.9718 		 	1.0000
242 	0 	0 	0 	0 	5 	0 	0 	0 	0 	6 	1 	0 	0 	0 	0 	0 	0 	4 	0 	0 	1.7446 		 	1.0000
243 	0 	6 	0 	0 	4 	0 	0 	0 	0 	1 	0 	0 	0 	0 	0 	0 	5 	0 	0 	0 	1.7446 		 	1.0000
244 	0 	0 	0 	0 	0 	0 	0 	0 	5 	0 	0 	0 	0 	0 	0 	0 	0 	0 	0 	0 	2.9957 		 	0.3125
245 	0 	0 	0 	0 	0 	0 	0 	0 	0 	0 	0 	0 	0 	0 	0 	0 	0 	0 	0 	5 	2.9957 		 	0.3125
246 	0 	0 	0 	0 	0 	0 	0 	5 	0 	0 	0 	0 	0 	0 	0 	0 	0 	0 	0 	0 	2.9957 		 	0.3125
247 	0 	0 	0 	0 	0 	5 	0 	0 	0 	0 	0 	0 	0 	0 	0 	0 	0 	0 	0 	0 	2.9957 		 	0.3125
# End LogoData
