## LogoData
# First column is position number, counting from zero
# Subsequent columns are raw symbol counts
# Entropy is mean entropy measured in nats.
# Low and High are the 95% confidence limits.
# Weight is the fraction of non-gap symbols in the column.
#	
#	A 	C 	D 	E 	F 	G 	H 	I 	K 	L 	M 	N 	P 	Q 	R 	S 	T 	V 	W 	Y 	Entropy	Low	High	Weight
1 	0 	0 	0 	0 	0 	0 	0 	0 	0 	0 	0 	0 	0 	0 	0 	1 	0 	0 	0 	0 	2.9957 		 	0.0156
2 	0 	0 	0 	1 	0 	0 	0 	0 	0 	0 	0 	0 	0 	0 	0 	0 	0 	0 	0 	0 	2.9957 		 	0.0156
3 	0 	0 	0 	0 	1 	0 	0 	0 	0 	0 	0 	0 	0 	0 	0 	0 	0 	0 	0 	0 	2.9957 		 	0.0156
4 	0 	0 	0 	0 	0 	0 	0 	0 	0 	0 	0 	0 	0 	0 	0 	0 	0 	0 	1 	0 	2.9957 		 	0.0156
5 	0 	0 	0 	0 	0 	0 	0 	0 	0 	0 	0 	0 	0 	0 	1 	0 	0 	0 	0 	0 	2.9957 		 	0.0156
6 	0 	0 	0 	0 	0 	0 	0 	0 	0 	0 	0 	0 	0 	0 	0 	0 	0 	0 	1 	0 	2.9957 		 	0.0156
7 	0 	0 	0 	0 	0 	0 	0 	0 	0 	0 	0 	0 	0 	0 	0 	0 	1 	0 	0 	0 	2.9957 		 	0.0156
8 	0 	0 	0 	1 	0 	0 	0 	0 	0 	0 	0 	0 	0 	0 	0 	0 	0 	0 	0 	0 	2.9957 		 	0.0156
9 	0 	0 	0 	0 	0 	0 	0 	0 	0 	0 	0 	0 	0 	1 	0 	0 	0 	0 	0 	0 	2.9957 		 	0.0156
10 	0 	0 	0 	0 	0 	0 	0 	0 	0 	1 	0 	0 	0 	0 	0 	0 	0 	0 	0 	0 	2.9957 		 	0.0156
11 	1 	0 	0 	0 	0 	0 	0 	0 	0 	0 	0 	0 	0 	0 	0 	0 	0 	0 	0 	0 	2.9957 		 	0.0156
12 	0 	0 	0 	0 	0 	0 	0 	0 	0 	0 	0 	0 	0 	0 	0 	1 	0 	0 	0 	0 	2.9957 		 	0.0156
13 	0 	0 	0 	0 	0 	0 	0 	0 	0 	0 	0 	1 	0 	0 	0 	0 	0 	0 	0 	0 	2.9957 		 	0.0156
14 	0 	0 	0 	0 	0 	0 	0 	0 	0 	0 	0 	0 	0 	0 	0 	0 	0 	0 	0 	1 	2.9957 		 	0.0156
15 	0 	0 	0 	0 	0 	0 	0 	0 	0 	0 	0 	0 	0 	0 	0 	0 	0 	0 	1 	0 	2.9957 		 	0.0156
16 	0 	0 	0 	0 	0 	0 	0 	1 	0 	0 	0 	0 	0 	0 	0 	0 	0 	0 	0 	0 	2.9957 		 	0.0156
17 	10 	0 	0 	0 	1 	0 	0 	1 	0 	1 	1 	0 	0 	0 	0 	4 	1 	0 	0 	0 	1.5550 		 	0.2969
18 	0 	0 	0 	1 	0 	0 	11 	0 	0 	0 	0 	1 	0 	0 	9 	0 	0 	0 	0 	0 	2.0025 		 	0.3438
19 	0 	24 	0 	0 	0 	0 	0 	0 	0 	0 	0 	0 	0 	0 	0 	0 	0 	0 	0 	1 	2.8278 		 	0.3906
20 	0 	0 	0 	0 	0 	0 	0 	13 	0 	5 	0 	0 	0 	0 	0 	0 	7 	0 	0 	0 	1.9774 		 	0.3906
21 	0 	0 	0 	0 	0 	17 	7 	0 	0 	0 	0 	0 	0 	0 	0 	0 	0 	0 	1 	0 	2.2483 		 	0.3906
22 	0 	0 	0 	0 	1 	0 	0 	10 	1 	7 	4 	0 	0 	0 	0 	0 	0 	3 	0 	0 	1.4872 		 	0.4062
23 	2 	0 	0 	8 	0 	1 	0 	0 	0 	0 	0 	0 	0 	0 	0 	5 	9 	1 	0 	0 	1.5009 		 	0.4062
24 	0 	0 	11 	0 	0 	0 	1 	0 	0 	0 	0 	12 	1 	0 	0 	1 	0 	0 	0 	0 	1.8990 		 	0.4062
25 	1 	0 	0 	0 	1 	0 	0 	0 	0 	0 	0 	0 	0 	0 	24 	0 	0 	0 	0 	0 	2.6712 		 	0.4062
26 	0 	0 	24 	1 	0 	0 	0 	0 	0 	0 	0 	0 	0 	0 	0 	0 	1 	0 	0 	0 	2.6712 		 	0.4062
27 	0 	0 	0 	0 	25 	0 	0 	0 	0 	0 	0 	0 	0 	0 	0 	0 	1 	0 	0 	0 	2.8327 		 	0.4062
28 	0 	0 	0 	0 	0 	0 	0 	13 	0 	2 	0 	0 	0 	0 	0 	0 	0 	10 	1 	0 	1.9590 		 	0.4062
29 	0 	0 	0 	17 	0 	0 	0 	0 	0 	0 	0 	0 	1 	0 	1 	0 	7 	0 	0 	0 	2.1140 		 	0.4062
30 	0 	0 	0 	0 	0 	25 	0 	0 	0 	0 	0 	1 	0 	0 	0 	0 	0 	0 	0 	0 	2.8327 		 	0.4062
31 	2 	0 	0 	0 	0 	0 	0 	0 	0 	0 	1 	0 	0 	0 	0 	0 	6 	17 	0 	0 	2.0569 		 	0.4062
32 	0 	0 	0 	0 	0 	0 	11 	0 	0 	0 	1 	0 	1 	7 	0 	6 	0 	0 	0 	0 	1.6895 		 	0.4062
33 	0 	0 	0 	0 	0 	25 	0 	0 	0 	0 	0 	0 	0 	0 	0 	1 	0 	0 	0 	0 	2.8327 		 	0.4062
34 	0 	0 	0 	0 	0 	0 	0 	0 	0 	1 	0 	0 	0 	0 	0 	0 	0 	0 	0 	0 	2.9957 		 	0.0156
35 	0 	0 	0 	0 	0 	0 	0 	0 	0 	0 	0 	0 	0 	0 	0 	0 	1 	0 	0 	0 	2.9957 		 	0.0156
36 	0 	0 	0 	0 	0 	0 	0 	0 	0 	0 	0 	0 	1 	0 	0 	0 	0 	0 	0 	0 	2.9957 		 	0.0156
37 	0 	0 	0 	0 	0 	0 	0 	0 	0 	1 	0 	0 	0 	0 	0 	0 	0 	0 	0 	0 	2.9957 		 	0.0156
38 	4 	0 	0 	0 	0 	13 	0 	1 	0 	1 	0 	0 	0 	0 	0 	0 	7 	0 	0 	0 	1.7573 		 	0.4062
39 	0 	0 	0 	0 	0 	0 	0 	0 	0 	0 	0 	0 	1 	0 	0 	1 	23 	1 	0 	0 	2.5113 		 	0.4062
40 	0 	0 	0 	0 	0 	0 	0 	0 	0 	0 	0 	0 	0 	0 	7 	0 	0 	0 	18 	1 	2.2626 		 	0.4062
41 	0 	0 	0 	0 	0 	0 	0 	0 	1 	1 	0 	0 	0 	0 	0 	0 	0 	24 	0 	0 	2.6712 		 	0.4062
42 	2 	0 	6 	0 	0 	0 	0 	0 	0 	0 	0 	0 	0 	0 	0 	13 	5 	0 	0 	0 	1.7964 		 	0.4062
43 	12 	0 	0 	0 	0 	0 	0 	1 	0 	12 	0 	0 	0 	0 	0 	0 	0 	1 	0 	0 	2.0314 		 	0.4062
44 	0 	0 	0 	0 	0 	0 	0 	0 	0 	1 	0 	0 	0 	0 	0 	1 	10 	13 	0 	0 	2.0317 		 	0.3906
45 	0 	0 	0 	0 	0 	0 	0 	0 	0 	25 	0 	0 	0 	0 	0 	0 	0 	1 	0 	0 	2.8327 		 	0.4062
46 	0 	0 	0 	25 	0 	0 	0 	0 	0 	1 	0 	0 	0 	0 	0 	0 	0 	0 	0 	0 	2.8327 		 	0.4062
47 	0 	0 	0 	0 	0 	4 	2 	0 	0 	8 	1 	0 	0 	11 	1 	0 	0 	0 	0 	0 	1.5497 		 	0.4219
48 	1 	0 	14 	1 	0 	11 	0 	0 	0 	0 	0 	0 	0 	0 	0 	0 	0 	0 	0 	0 	2.0452 		 	0.4219
49 	0 	0 	0 	0 	0 	9 	0 	0 	11 	0 	0 	1 	0 	1 	0 	5 	0 	0 	0 	0 	1.7073 		 	0.4219
50 	0 	25 	0 	0 	0 	0 	0 	0 	0 	0 	0 	0 	0 	0 	1 	0 	0 	0 	0 	0 	2.8327 		 	0.4062
51 	0 	0 	0 	0 	0 	0 	0 	2 	0 	1 	0 	1 	0 	0 	0 	0 	0 	22 	0 	0 	2.4065 		 	0.4062
52 	0 	0 	0 	0 	0 	1 	0 	0 	0 	0 	0 	0 	0 	0 	0 	0 	24 	1 	0 	0 	2.6712 		 	0.4062
53 	1 	0 	0 	0 	0 	0 	0 	10 	0 	0 	1 	0 	0 	0 	0 	0 	1 	13 	0 	0 	1.9057 		 	0.4062
54 	0 	0 	0 	0 	0 	0 	0 	0 	0 	0 	17 	0 	0 	0 	0 	1 	7 	1 	0 	0 	2.1140 		 	0.4062
55 	22 	0 	0 	0 	0 	0 	0 	0 	1 	0 	0 	0 	0 	0 	0 	2 	0 	0 	0 	0 	2.5524 		 	0.3906
56 	1 	0 	1 	6 	0 	0 	0 	0 	3 	0 	0 	1 	11 	1 	0 	1 	0 	0 	0 	0 	1.3938 		 	0.3906
57 	0 	0 	16 	0 	0 	7 	0 	0 	0 	0 	0 	2 	0 	0 	0 	0 	0 	0 	0 	0 	2.1516 		 	0.3906
58 	0 	0 	0 	0 	0 	0 	0 	0 	24 	0 	0 	0 	0 	1 	0 	0 	0 	0 	0 	1 	2.6712 		 	0.4062
59 	1 	0 	0 	0 	0 	0 	0 	0 	0 	0 	0 	0 	25 	0 	0 	0 	0 	0 	0 	0 	2.8327 		 	0.4062
60 	0 	0 	1 	0 	1 	0 	0 	0 	0 	0 	0 	0 	1 	0 	0 	18 	6 	0 	0 	0 	2.0250 		 	0.4219
61 	0 	0 	0 	0 	0 	0 	0 	4 	0 	17 	4 	0 	0 	0 	0 	1 	0 	1 	0 	0 	1.8945 		 	0.4219
62 	0 	0 	24 	0 	0 	0 	0 	0 	0 	1 	0 	1 	0 	0 	0 	1 	0 	0 	0 	0 	2.5248 		 	0.4219
63 	0 	0 	0 	0 	1 	0 	0 	13 	0 	1 	0 	0 	0 	0 	1 	0 	0 	11 	0 	0 	1.9118 		 	0.4219
64 	0 	0 	0 	3 	0 	0 	0 	0 	2 	0 	0 	0 	0 	0 	2 	11 	1 	0 	7 	0 	1.5094 		 	0.4062
65 	0 	0 	0 	0 	0 	0 	0 	1 	0 	20 	5 	0 	0 	0 	0 	0 	0 	0 	0 	0 	2.3516 		 	0.4062
66 	1 	0 	5 	10 	0 	0 	0 	2 	0 	0 	3 	0 	0 	3 	0 	0 	1 	1 	0 	0 	1.2396 		 	0.4062
67 	2 	0 	2 	1 	0 	1 	0 	0 	0 	0 	0 	4 	0 	0 	0 	3 	12 	1 	0 	0 	1.3312 		 	0.4062
68 	0 	0 	0 	0 	0 	0 	0 	9 	0 	0 	3 	0 	0 	0 	0 	0 	2 	12 	0 	0 	1.8252 		 	0.4062
69 	11 	0 	0 	5 	2 	0 	0 	0 	0 	1 	0 	0 	0 	0 	0 	1 	1 	0 	0 	5 	1.4245 		 	0.4062
70 	6 	0 	0 	0 	0 	0 	0 	11 	0 	0 	0 	0 	0 	8 	0 	1 	0 	1 	0 	0 	1.6911 		 	0.4219
71 	2 	0 	11 	8 	0 	1 	0 	0 	1 	0 	0 	0 	0 	0 	0 	2 	2 	0 	0 	0 	1.4470 		 	0.4219
72 	1 	0 	0 	0 	0 	10 	0 	0 	0 	1 	0 	7 	0 	3 	1 	4 	0 	0 	0 	0 	1.3846 		 	0.4219
73 	0 	0 	0 	0 	0 	0 	0 	0 	0 	4 	1 	0 	21 	0 	0 	0 	1 	0 	0 	0 	2.2732 		 	0.4219
74 	23 	0 	0 	0 	0 	0 	0 	0 	0 	0 	0 	0 	0 	0 	0 	0 	0 	3 	0 	0 	2.6381 		 	0.4062
75 	1 	0 	0 	0 	0 	0 	0 	0 	0 	0 	0 	0 	0 	0 	0 	1 	0 	0 	0 	0 	2.3026 		 	0.0312
76 	0 	0 	1 	17 	0 	0 	0 	0 	4 	1 	0 	0 	0 	1 	0 	0 	1 	0 	0 	0 	1.9252 		 	0.3906
77 	10 	0 	0 	0 	1 	0 	0 	0 	0 	1 	0 	0 	0 	0 	0 	0 	7 	6 	0 	0 	1.6728 		 	0.3906
78 	0 	0 	0 	0 	0 	0 	0 	0 	0 	0 	0 	0 	0 	0 	25 	0 	0 	0 	0 	0 	2.9957 		 	0.3906
79 	0 	0 	0 	0 	0 	0 	0 	0 	0 	0 	0 	0 	0 	0 	1 	0 	0 	0 	0 	0 	2.9957 		 	0.0156
80 	0 	0 	0 	0 	0 	0 	0 	0 	0 	0 	0 	0 	0 	0 	0 	0 	0 	1 	0 	0 	2.9957 		 	0.0156
81 	1 	0 	0 	0 	0 	0 	0 	0 	0 	0 	0 	0 	0 	0 	0 	0 	0 	0 	0 	0 	2.9957 		 	0.0156
82 	0 	0 	0 	0 	0 	0 	1 	0 	0 	0 	0 	0 	0 	0 	0 	0 	0 	0 	0 	0 	2.9957 		 	0.0156
83 	0 	0 	0 	0 	0 	0 	0 	0 	0 	0 	0 	0 	0 	0 	0 	1 	0 	0 	0 	0 	2.9957 		 	0.0156
84 	0 	0 	0 	0 	0 	0 	0 	0 	0 	0 	0 	0 	0 	0 	0 	1 	0 	0 	0 	0 	2.9957 		 	0.0156
85 	0 	0 	0 	0 	0 	0 	0 	0 	0 	1 	0 	0 	0 	0 	0 	0 	0 	1 	0 	0 	2.3026 		 	0.0312
86 	1 	0 	0 	0 	0 	0 	0 	0 	0 	1 	0 	0 	0 	0 	0 	0 	0 	0 	0 	1 	1.8971 		 	0.0469
87 	0 	0 	0 	0 	0 	2 	0 	0 	0 	0 	0 	0 	1 	0 	0 	1 	0 	0 	0 	0 	1.9560 		 	0.0625
88 	0 	0 	0 	0 	0 	0 	0 	0 	0 	0 	0 	0 	0 	0 	1 	2 	1 	0 	0 	0 	1.9560 		 	0.0625
89 	0 	0 	0 	0 	0 	0 	0 	0 	0 	0 	0 	0 	0 	0 	1 	0 	2 	0 	0 	1 	1.9560 		 	0.0625
90 	1 	0 	0 	0 	0 	0 	0 	0 	0 	0 	0 	2 	1 	0 	0 	0 	0 	0 	0 	0 	1.9560 		 	0.0625
91 	0 	1 	0 	0 	2 	0 	0 	0 	1 	0 	0 	0 	0 	0 	0 	0 	0 	0 	0 	0 	1.9560 		 	0.0625
92 	0 	0 	1 	8 	0 	0 	0 	0 	13 	1 	0 	1 	0 	0 	0 	4 	0 	0 	0 	0 	1.6466 		 	0.4375
93 	0 	1 	0 	0 	0 	0 	0 	1 	0 	0 	0 	0 	0 	0 	0 	0 	0 	11 	0 	14 	2.0452 		 	0.4219
94 	0 	26 	0 	0 	0 	1 	0 	0 	0 	0 	0 	0 	0 	0 	0 	0 	0 	0 	0 	0 	2.8373 		 	0.4219
95 	0 	0 	0 	0 	0 	0 	0 	1 	0 	8 	0 	0 	0 	0 	0 	0 	0 	0 	1 	16 	2.0837 		 	0.4062
96 	1 	0 	0 	2 	1 	0 	7 	1 	1 	2 	0 	7 	0 	0 	0 	4 	0 	0 	0 	0 	1.1053 		 	0.4062
97 	1 	0 	0 	0 	0 	0 	0 	0 	0 	0 	0 	0 	0 	0 	0 	0 	0 	0 	1 	0 	2.3026 		 	0.0312
98 	0 	0 	1 	0 	0 	0 	0 	0 	0 	0 	0 	0 	0 	0 	0 	0 	0 	0 	0 	0 	2.9957 		 	0.0156
99 	0 	0 	0 	0 	0 	0 	0 	0 	0 	0 	0 	0 	0 	0 	0 	0 	1 	0 	0 	0 	2.9957 		 	0.0156
100 	0 	0 	0 	0 	0 	0 	0 	0 	0 	0 	0 	1 	0 	1 	0 	0 	0 	0 	0 	0 	2.3026 		 	0.0312
101 	0 	0 	0 	0 	0 	0 	0 	0 	0 	1 	0 	0 	0 	0 	0 	0 	0 	0 	0 	1 	2.3026 		 	0.0312
102 	0 	0 	0 	0 	0 	0 	0 	1 	0 	0 	0 	0 	0 	0 	0 	0 	0 	1 	0 	0 	2.3026 		 	0.0312
103 	0 	0 	0 	0 	0 	0 	0 	0 	0 	0 	0 	0 	0 	0 	0 	1 	2 	0 	0 	0 	2.3592 		 	0.0469
104 	0 	3 	0 	0 	0 	0 	0 	0 	0 	0 	0 	0 	0 	0 	0 	0 	0 	0 	0 	0 	2.9957 		 	0.0469
105 	0 	0 	0 	0 	0 	0 	0 	0 	1 	0 	0 	1 	0 	0 	0 	0 	0 	0 	0 	0 	2.3026 		 	0.0312
106 	0 	0 	1 	0 	1 	0 	0 	0 	0 	0 	0 	0 	0 	0 	0 	0 	0 	0 	0 	0 	2.3026 		 	0.0312
107 	0 	0 	0 	0 	0 	0 	2 	0 	0 	0 	0 	0 	0 	0 	0 	0 	0 	0 	0 	0 	2.9957 		 	0.0312
108 	0 	0 	0 	0 	0 	0 	0 	0 	0 	0 	0 	0 	0 	0 	0 	0 	0 	0 	0 	1 	2.9957 		 	0.0156
109 	0 	0 	0 	0 	0 	0 	0 	0 	0 	1 	0 	0 	0 	0 	0 	0 	0 	0 	0 	0 	2.9957 		 	0.0156
110 	0 	1 	0 	0 	0 	0 	0 	0 	0 	0 	0 	0 	0 	0 	0 	0 	0 	0 	0 	0 	2.9957 		 	0.0156
111 	0 	0 	0 	0 	0 	0 	0 	0 	0 	1 	0 	0 	0 	0 	0 	0 	0 	0 	0 	0 	2.9957 		 	0.0156
112 	0 	0 	0 	0 	0 	0 	0 	0 	0 	0 	0 	0 	0 	0 	1 	1 	0 	0 	0 	0 	2.3026 		 	0.0312
113 	0 	2 	0 	0 	0 	0 	0 	0 	0 	0 	0 	0 	0 	0 	0 	0 	0 	0 	0 	0 	2.9957 		 	0.0312
114 	0 	0 	0 	0 	0 	0 	1 	0 	0 	0 	0 	0 	0 	0 	1 	0 	0 	0 	0 	0 	2.3026 		 	0.0312
115 	0 	0 	0 	0 	0 	0 	0 	0 	0 	0 	0 	0 	0 	1 	0 	0 	0 	0 	0 	0 	2.9957 		 	0.0156
116 	25 	0 	0 	0 	0 	1 	0 	0 	1 	0 	0 	0 	0 	0 	0 	0 	0 	0 	0 	0 	2.6803 		 	0.4219
117 	0 	0 	0 	0 	0 	0 	0 	0 	8 	0 	1 	1 	0 	0 	0 	3 	3 	12 	0 	0 	1.5580 		 	0.4375
118 	0 	0 	0 	0 	0 	1 	0 	1 	0 	21 	0 	0 	0 	0 	0 	0 	0 	5 	0 	0 	2.2343 		 	0.4375
119 	0 	0 	0 	0 	0 	0 	0 	1 	0 	0 	0 	0 	0 	0 	2 	8 	17 	0 	0 	0 	2.0273 		 	0.4375
120 	0 	0 	4 	2 	0 	2 	11 	0 	0 	0 	0 	7 	1 	0 	1 	0 	0 	0 	0 	0 	1.3891 		 	0.4375
121 	0 	0 	0 	0 	0 	0 	0 	2 	0 	2 	1 	0 	0 	1 	0 	2 	8 	12 	0 	0 	1.4711 		 	0.4375
122 	1 	0 	1 	0 	0 	0 	0 	0 	17 	0 	0 	0 	2 	0 	0 	4 	2 	1 	0 	0 	1.6808 		 	0.4375
123 	0 	0 	0 	0 	0 	0 	0 	11 	0 	1 	0 	0 	0 	1 	0 	1 	7 	7 	0 	0 	1.5785 		 	0.4375
124 	4 	1 	5 	2 	0 	1 	0 	0 	1 	0 	0 	9 	0 	1 	1 	0 	0 	3 	0 	0 	1.0224 		 	0.4375
125 	9 	0 	11 	1 	0 	1 	0 	0 	1 	0 	0 	1 	0 	0 	0 	4 	0 	0 	0 	0 	1.5099 		 	0.4375
126 	2 	1 	0 	0 	0 	0 	0 	2 	11 	0 	0 	1 	0 	0 	11 	0 	0 	0 	0 	0 	1.6466 		 	0.4375
127 	0 	26 	0 	0 	0 	0 	0 	1 	0 	0 	0 	0 	0 	0 	0 	0 	0 	1 	0 	0 	2.6889 		 	0.4375
128 	0 	0 	0 	0 	0 	1 	0 	0 	0 	0 	0 	0 	24 	0 	0 	0 	0 	0 	3 	0 	2.5053 		 	0.4375
129 	2 	0 	1 	0 	0 	0 	0 	0 	1 	0 	0 	0 	0 	0 	0 	12 	11 	0 	0 	0 	1.8326 		 	0.4219
130 	0 	0 	0 	0 	0 	0 	0 	0 	0 	0 	6 	0 	1 	3 	1 	0 	15 	0 	0 	0 	1.8402 		 	0.4062
131 	0 	0 	0 	0 	0 	25 	0 	0 	0 	1 	0 	0 	0 	0 	0 	0 	0 	0 	0 	0 	2.8327 		 	0.4062
132 	0 	0 	0 	18 	0 	0 	0 	0 	0 	0 	0 	1 	7 	0 	0 	0 	0 	0 	0 	0 	2.2626 		 	0.4062
133 	21 	0 	0 	0 	0 	0 	0 	0 	0 	0 	0 	0 	2 	0 	0 	1 	1 	1 	0 	0 	2.2500 		 	0.4062
134 	0 	0 	0 	0 	0 	0 	15 	0 	0 	0 	0 	0 	0 	0 	0 	2 	7 	1 	0 	1 	1.8772 		 	0.4062
135 	0 	0 	0 	0 	0 	0 	0 	1 	0 	23 	0 	4 	0 	0 	0 	0 	0 	0 	0 	0 	2.4372 		 	0.4375
136 	11 	0 	4 	3 	0 	0 	0 	0 	0 	2 	0 	2 	3 	0 	0 	0 	3 	0 	0 	0 	1.2557 		 	0.4375
137 	0 	2 	0 	19 	0 	0 	0 	0 	5 	1 	0 	0 	0 	0 	0 	0 	0 	1 	0 	0 	1.9985 		 	0.4375
138 	0 	0 	1 	19 	0 	0 	0 	0 	1 	0 	0 	0 	1 	1 	4 	0 	0 	1 	0 	0 	1.8596 		 	0.4375
139 	5 	1 	0 	0 	0 	0 	5 	0 	0 	0 	0 	11 	0 	2 	1 	1 	1 	0 	0 	0 	1.3242 		 	0.4219
140 	0 	0 	0 	0 	0 	1 	0 	0 	0 	0 	0 	0 	0 	0 	0 	1 	0 	0 	0 	0 	2.3026 		 	0.0312
141 	1 	0 	0 	0 	0 	0 	0 	0 	0 	0 	0 	0 	1 	0 	0 	1 	0 	0 	0 	0 	1.8971 		 	0.0469
142 	0 	0 	10 	8 	0 	0 	0 	0 	1 	0 	0 	1 	0 	7 	0 	0 	0 	1 	0 	0 	1.5665 		 	0.4375
143 	3 	0 	0 	1 	0 	13 	1 	1 	2 	0 	0 	0 	2 	0 	0 	4 	1 	0 	0 	0 	1.2692 		 	0.4375
144 	1 	0 	12 	0 	0 	4 	0 	0 	0 	0 	0 	3 	2 	1 	3 	2 	0 	0 	0 	0 	1.2610 		 	0.4375
145 	0 	0 	0 	0 	4 	0 	1 	0 	0 	1 	2 	10 	0 	0 	0 	0 	5 	0 	1 	4 	1.2189 		 	0.4375
146 	13 	0 	0 	0 	0 	0 	0 	0 	0 	1 	0 	0 	0 	0 	0 	0 	1 	13 	0 	0 	2.0453 		 	0.4375
147 	0 	26 	0 	0 	0 	0 	0 	0 	0 	0 	0 	0 	1 	0 	0 	0 	0 	0 	1 	0 	2.6889 		 	0.4375
148 	0 	0 	0 	0 	0 	0 	0 	0 	1 	0 	0 	0 	0 	0 	1 	0 	0 	1 	0 	0 	1.8971 		 	0.0469
149 	0 	0 	0 	0 	0 	0 	0 	0 	0 	0 	0 	0 	0 	0 	0 	0 	0 	1 	0 	0 	2.9957 		 	0.0156
150 	0 	0 	0 	0 	1 	0 	0 	0 	24 	0 	0 	0 	2 	0 	0 	0 	0 	0 	0 	0 	2.5762 		 	0.4219
151 	1 	0 	0 	1 	0 	1 	2 	0 	0 	0 	0 	0 	1 	3 	19 	0 	0 	0 	0 	0 	1.8288 		 	0.4375
152 	0 	0 	7 	0 	1 	6 	0 	0 	0 	0 	0 	0 	0 	0 	0 	2 	12 	0 	0 	0 	1.6484 		 	0.4375
153 	0 	1 	0 	0 	1 	0 	0 	0 	0 	1 	2 	0 	0 	6 	0 	1 	0 	4 	0 	12 	1.3600 		 	0.4375
154 	0 	0 	0 	0 	0 	0 	0 	0 	0 	0 	0 	0 	0 	0 	1 	0 	0 	0 	0 	0 	2.9957 		 	0.0156
155 	0 	0 	0 	0 	0 	0 	0 	0 	0 	0 	0 	0 	0 	1 	0 	17 	2 	6 	0 	2 	1.8667 		 	0.4375
156 	2 	0 	25 	0 	0 	0 	0 	0 	0 	0 	0 	0 	1 	0 	0 	0 	0 	0 	0 	0 	2.5870 		 	0.4375
157 	0 	0 	0 	0 	1 	0 	0 	1 	0 	0 	0 	0 	0 	0 	25 	0 	0 	1 	0 	0 	2.5375 		 	0.4375
158 	0 	0 	0 	0 	0 	26 	0 	0 	0 	0 	1 	0 	0 	0 	0 	1 	0 	0 	0 	0 	2.6889 		 	0.4375
159 	0 	0 	0 	0 	0 	0 	0 	0 	0 	0 	0 	0 	0 	0 	0 	1 	0 	0 	27 	0 	2.8417 		 	0.4375
160 	0 	0 	0 	0 	0 	27 	0 	0 	0 	0 	0 	0 	0 	0 	0 	0 	1 	0 	0 	0 	2.8417 		 	0.4375
161 	0 	0 	1 	0 	0 	1 	0 	0 	0 	0 	0 	26 	0 	0 	0 	0 	0 	0 	0 	0 	2.6889 		 	0.4375
162 	1 	0 	0 	1 	0 	19 	6 	0 	0 	0 	0 	0 	1 	0 	0 	0 	0 	0 	0 	0 	2.0455 		 	0.4375
163 	0 	0 	0 	0 	0 	0 	0 	1 	0 	0 	0 	0 	0 	1 	0 	0 	0 	0 	0 	0 	2.3026 		 	0.0312
164 	0 	1 	0 	0 	0 	0 	0 	0 	0 	0 	0 	0 	0 	0 	0 	0 	1 	0 	0 	0 	2.3026 		 	0.0312
165 	0 	0 	0 	0 	1 	0 	1 	0 	0 	0 	0 	0 	0 	0 	0 	0 	0 	0 	0 	0 	2.3026 		 	0.0312
166 	0 	1 	0 	0 	0 	0 	0 	0 	0 	0 	0 	0 	0 	0 	0 	0 	0 	0 	1 	0 	2.3026 		 	0.0312
167 	0 	0 	1 	0 	0 	0 	0 	0 	0 	0 	0 	0 	0 	0 	0 	1 	0 	0 	0 	0 	2.3026 		 	0.0312
168 	0 	0 	0 	0 	0 	0 	1 	0 	0 	0 	0 	0 	0 	0 	0 	1 	0 	0 	0 	0 	2.3026 		 	0.0312
169 	0 	0 	0 	1 	0 	1 	0 	0 	0 	0 	0 	0 	0 	0 	0 	0 	0 	0 	0 	0 	2.3026 		 	0.0312
170 	0 	0 	0 	0 	0 	0 	0 	0 	0 	0 	0 	1 	0 	1 	0 	0 	0 	0 	0 	0 	2.3026 		 	0.0312
171 	0 	0 	0 	0 	0 	0 	0 	0 	0 	0 	0 	1 	0 	0 	0 	0 	1 	0 	0 	0 	2.3026 		 	0.0312
172 	0 	0 	0 	0 	0 	0 	0 	0 	0 	0 	0 	0 	0 	2 	0 	0 	0 	0 	0 	0 	2.9957 		 	0.0312
173 	0 	0 	0 	0 	0 	0 	0 	0 	0 	1 	0 	0 	0 	0 	0 	0 	0 	0 	1 	0 	2.3026 		 	0.0312
174 	0 	0 	0 	0 	0 	0 	0 	0 	0 	0 	0 	0 	1 	0 	0 	0 	0 	0 	0 	0 	2.9957 		 	0.0156
175 	0 	0 	0 	0 	0 	0 	0 	0 	0 	1 	0 	0 	0 	0 	0 	0 	0 	0 	0 	0 	2.9957 		 	0.0156
176 	0 	0 	0 	0 	0 	0 	0 	0 	0 	0 	0 	0 	0 	0 	0 	1 	0 	0 	0 	0 	2.9957 		 	0.0156
177 	0 	26 	0 	0 	0 	0 	0 	1 	0 	0 	0 	0 	0 	0 	0 	0 	0 	0 	0 	0 	2.8373 		 	0.4219
178 	0 	0 	0 	0 	0 	26 	0 	0 	0 	0 	0 	0 	1 	0 	0 	0 	0 	0 	0 	0 	2.8373 		 	0.4219
179 	0 	0 	0 	0 	2 	0 	0 	0 	0 	24 	0 	0 	0 	1 	0 	0 	0 	0 	0 	0 	2.5762 		 	0.4219
180 	0 	0 	0 	0 	25 	0 	0 	0 	0 	1 	0 	0 	0 	0 	0 	0 	0 	0 	0 	1 	2.6803 		 	0.4219
181 	0 	0 	0 	0 	0 	26 	0 	0 	0 	0 	0 	0 	0 	0 	0 	0 	0 	1 	0 	0 	2.8373 		 	0.4219
182 	1 	0 	0 	0 	0 	0 	0 	0 	25 	0 	0 	0 	0 	0 	0 	0 	0 	0 	0 	1 	2.6803 		 	0.4219
183 	0 	0 	0 	1 	0 	26 	0 	0 	0 	0 	0 	0 	0 	0 	0 	0 	0 	0 	0 	0 	2.8373 		 	0.4219
184 	0 	0 	0 	0 	0 	4 	0 	0 	0 	0 	0 	0 	0 	0 	0 	23 	0 	0 	0 	0 	2.5762 		 	0.4219
185 	0 	0 	0 	0 	0 	0 	0 	23 	0 	2 	0 	0 	0 	0 	0 	0 	0 	1 	0 	0 	2.5647 		 	0.4062
186 	0 	0 	4 	0 	0 	0 	0 	0 	0 	0 	0 	0 	0 	0 	0 	2 	1 	19 	0 	0 	2.1559 		 	0.4062
187 	0 	0 	0 	1 	0 	0 	0 	0 	0 	0 	0 	0 	0 	0 	0 	0 	1 	1 	0 	0 	1.8971 		 	0.0469
188 	15 	0 	0 	0 	0 	0 	0 	0 	0 	0 	0 	0 	0 	0 	0 	0 	11 	0 	0 	0 	2.3145 		 	0.4062
189 	0 	24 	0 	0 	0 	0 	0 	0 	0 	0 	0 	0 	0 	0 	0 	0 	0 	0 	1 	1 	2.6712 		 	0.4062
190 	19 	0 	0 	0 	0 	0 	0 	0 	1 	0 	0 	0 	0 	0 	0 	0 	0 	6 	0 	0 	2.3028 		 	0.4062
191 	0 	0 	0 	2 	0 	0 	0 	0 	22 	0 	1 	0 	0 	0 	0 	0 	0 	0 	1 	0 	2.4065 		 	0.4062
192 	3 	0 	0 	0 	21 	1 	0 	0 	0 	0 	0 	0 	0 	0 	0 	0 	0 	0 	0 	1 	2.3234 		 	0.4062
193 	4 	0 	0 	2 	0 	0 	0 	0 	0 	0 	0 	0 	0 	0 	0 	5 	15 	0 	0 	0 	1.8761 		 	0.4062
194 	0 	23 	0 	0 	0 	0 	0 	0 	0 	0 	0 	0 	0 	0 	0 	0 	0 	1 	0 	0 	2.8225 		 	0.3750
195 	11 	0 	0 	6 	0 	0 	0 	0 	1 	0 	0 	0 	0 	0 	0 	4 	2 	0 	0 	0 	1.6535 		 	0.3750
196 	3 	0 	1 	2 	0 	0 	0 	0 	0 	0 	0 	0 	0 	0 	0 	0 	0 	0 	1 	0 	1.7187 		 	0.1094
197 	2 	0 	0 	0 	1 	0 	0 	0 	4 	0 	0 	0 	0 	0 	0 	0 	0 	0 	0 	0 	2.0400 		 	0.1094
198 	1 	0 	0 	0 	0 	0 	0 	0 	19 	0 	0 	1 	0 	0 	0 	1 	2 	0 	0 	0 	2.2065 		 	0.3750
199 	0 	0 	0 	0 	0 	0 	0 	0 	10 	0 	0 	1 	0 	0 	0 	13 	0 	0 	0 	0 	2.1664 		 	0.3750
200 	10 	0 	0 	0 	0 	0 	0 	0 	0 	0 	13 	0 	0 	0 	0 	0 	1 	0 	0 	0 	2.1664 		 	0.3750
201 	1 	0 	0 	0 	0 	1 	1 	1 	1 	0 	0 	0 	0 	0 	0 	11 	7 	2 	0 	0 	1.4322 		 	0.3906
202 	0 	0 	0 	0 	0 	14 	0 	0 	0 	11 	0 	0 	0 	0 	0 	0 	0 	0 	0 	0 	2.3098 		 	0.3906
203 	0 	0 	0 	0 	11 	0 	5 	0 	2 	1 	0 	0 	0 	0 	4 	0 	0 	0 	1 	1 	1.4311 		 	0.3906
204 	0 	0 	0 	11 	0 	0 	0 	1 	0 	1 	0 	0 	0 	1 	0 	1 	2 	7 	0 	0 	1.5420 		 	0.3750
205 	0 	0 	0 	0 	0 	0 	0 	5 	0 	1 	0 	0 	0 	0 	0 	0 	0 	12 	0 	6 	1.8434 		 	0.3750
206 	0 	0 	18 	0 	0 	0 	0 	0 	0 	2 	0 	0 	1 	4 	0 	0 	0 	0 	0 	0 	2.1352 		 	0.3906
207 	3 	0 	2 	0 	0 	0 	0 	0 	2 	0 	0 	0 	4 	11 	0 	2 	0 	1 	0 	0 	1.3519 		 	0.3906
208 	0 	1 	0 	6 	0 	1 	0 	0 	0 	0 	0 	4 	0 	0 	0 	0 	13 	0 	0 	0 	1.7625 		 	0.3906
209 	0 	0 	1 	0 	0 	0 	0 	0 	17 	0 	0 	5 	0 	0 	0 	0 	2 	0 	0 	0 	2.0808 		 	0.3906
210 	0 	0 	0 	0 	0 	0 	0 	22 	0 	2 	0 	0 	0 	0 	0 	0 	0 	1 	0 	0 	2.5524 		 	0.3906
211 	0 	0 	1 	2 	0 	0 	0 	0 	5 	0 	0 	0 	0 	11 	0 	0 	3 	3 	0 	0 	1.4729 		 	0.3906
212 	1 	0 	0 	0 	0 	0 	1 	0 	0 	0 	0 	0 	0 	0 	0 	0 	0 	0 	0 	23 	2.6615 		 	0.3906
213 	1 	0 	0 	4 	0 	0 	0 	0 	0 	0 	0 	0 	0 	0 	1 	0 	5 	14 	0 	0 	1.7984 		 	0.3906
214 	0 	1 	0 	0 	0 	0 	0 	0 	0 	0 	0 	0 	0 	0 	0 	0 	0 	0 	0 	0 	2.9957 		 	0.0156
215 	0 	0 	0 	0 	0 	0 	0 	0 	0 	0 	0 	0 	0 	0 	0 	0 	1 	0 	0 	0 	2.9957 		 	0.0156
216 	1 	0 	0 	0 	0 	0 	0 	0 	0 	0 	0 	0 	0 	0 	0 	0 	0 	0 	0 	0 	2.9957 		 	0.0156
217 	0 	0 	0 	0 	0 	1 	0 	0 	0 	0 	0 	0 	0 	0 	0 	0 	0 	0 	0 	0 	2.9957 		 	0.0156
218 	0 	0 	0 	0 	0 	0 	0 	0 	0 	0 	0 	0 	0 	0 	0 	1 	0 	0 	0 	0 	2.9957 		 	0.0156
219 	0 	0 	0 	0 	1 	0 	0 	0 	0 	0 	0 	0 	0 	0 	0 	0 	0 	0 	0 	0 	2.9957 		 	0.0156
220 	0 	0 	0 	0 	0 	0 	0 	0 	1 	0 	0 	0 	0 	0 	0 	0 	0 	0 	0 	0 	2.9957 		 	0.0156
221 	0 	0 	0 	0 	0 	0 	0 	0 	0 	0 	0 	0 	0 	0 	0 	0 	0 	1 	0 	0 	2.9957 		 	0.0156
222 	0 	0 	0 	0 	0 	0 	0 	0 	0 	0 	0 	0 	0 	0 	0 	0 	1 	0 	0 	0 	2.9957 		 	0.0156
223 	1 	0 	0 	0 	0 	0 	0 	0 	0 	0 	0 	0 	0 	0 	0 	0 	0 	0 	0 	0 	2.9957 		 	0.0156
224 	0 	0 	0 	0 	0 	0 	0 	0 	0 	1 	0 	0 	0 	0 	0 	0 	0 	0 	0 	0 	2.9957 		 	0.0156
225 	0 	0 	0 	0 	0 	0 	0 	0 	0 	0 	0 	1 	0 	0 	0 	0 	0 	0 	0 	0 	2.9957 		 	0.0156
226 	0 	0 	0 	0 	0 	0 	0 	0 	0 	0 	0 	0 	0 	0 	0 	0 	0 	1 	0 	0 	2.9957 		 	0.0156
227 	0 	0 	0 	0 	0 	0 	0 	0 	0 	0 	0 	0 	0 	0 	0 	0 	0 	1 	0 	0 	2.9957 		 	0.0156
228 	0 	0 	0 	0 	0 	0 	0 	0 	0 	0 	0 	0 	0 	0 	0 	1 	0 	0 	0 	0 	2.9957 		 	0.0156
229 	0 	0 	0 	0 	0 	0 	0 	0 	0 	0 	0 	0 	0 	0 	1 	0 	0 	0 	0 	0 	2.9957 		 	0.0156
230 	0 	0 	0 	0 	0 	0 	0 	0 	0 	0 	0 	0 	0 	0 	1 	0 	0 	0 	0 	0 	2.9957 		 	0.0156
231 	0 	0 	0 	0 	0 	0 	0 	14 	0 	0 	0 	0 	0 	0 	0 	0 	0 	10 	0 	1 	2.1758 		 	0.3906
232 	3 	0 	0 	0 	0 	2 	0 	0 	8 	1 	1 	0 	0 	0 	9 	0 	0 	1 	0 	0 	1.4206 		 	0.3906
233 	12 	0 	0 	0 	0 	0 	0 	4 	0 	2 	0 	0 	0 	0 	0 	0 	0 	7 	0 	0 	1.7917 		 	0.3906
234 	0 	0 	0 	6 	4 	0 	0 	0 	1 	0 	0 	0 	0 	10 	1 	2 	1 	0 	0 	0 	1.4052 		 	0.3906
235 	0 	0 	0 	0 	0 	0 	0 	0 	0 	12 	0 	0 	7 	0 	0 	0 	0 	6 	0 	0 	1.9445 		 	0.3906
236 	0 	0 	0 	0 	0 	0 	25 	0 	0 	0 	0 	0 	0 	0 	0 	0 	0 	0 	0 	0 	2.9957 		 	0.3906
237 	0 	0 	0 	0 	0 	5 	0 	0 	1 	0 	0 	0 	0 	0 	0 	1 	7 	11 	0 	0 	1.6987 		 	0.3906
238 	1 	0 	0 	0 	0 	18 	0 	0 	0 	0 	0 	0 	2 	0 	1 	2 	1 	0 	0 	0 	1.9688 		 	0.3906
239 	13 	0 	3 	2 	0 	0 	0 	0 	0 	0 	0 	2 	0 	1 	0 	0 	4 	0 	0 	0 	1.5752 		 	0.3906
240 	0 	0 	0 	0 	0 	0 	0 	0 	0 	2 	0 	0 	0 	0 	0 	0 	0 	0 	0 	0 	2.9957 		 	0.0312
241 	0 	0 	0 	0 	0 	0 	0 	0 	1 	0 	0 	0 	1 	0 	0 	0 	0 	0 	0 	0 	2.3026 		 	0.0312
242 	0 	0 	0 	0 	0 	0 	0 	0 	0 	0 	0 	0 	0 	0 	0 	0 	1 	0 	0 	0 	2.9957 		 	0.0156
243 	0 	0 	0 	0 	0 	0 	0 	0 	0 	0 	0 	0 	0 	0 	0 	1 	0 	0 	0 	0 	2.9957 		 	0.0156
244 	0 	0 	0 	0 	0 	0 	0 	0 	0 	0 	0 	0 	0 	0 	0 	0 	0 	2 	0 	0 	2.9957 		 	0.0312
245 	0 	0 	0 	0 	0 	1 	0 	0 	0 	0 	0 	0 	0 	0 	0 	0 	1 	0 	0 	0 	2.3026 		 	0.0312
246 	0 	0 	0 	0 	1 	0 	0 	0 	0 	1 	0 	0 	0 	0 	0 	0 	0 	0 	0 	0 	2.3026 		 	0.0312
247 	0 	0 	0 	1 	0 	0 	0 	0 	0 	0 	0 	0 	0 	0 	1 	0 	0 	0 	0 	0 	2.3026 		 	0.0312
248 	0 	0 	0 	0 	0 	0 	0 	1 	0 	1 	0 	0 	0 	0 	0 	0 	0 	0 	0 	0 	2.3026 		 	0.0312
249 	0 	0 	0 	0 	0 	0 	0 	0 	0 	1 	0 	0 	0 	0 	0 	0 	0 	1 	0 	0 	2.3026 		 	0.0312
250 	0 	0 	0 	0 	1 	0 	0 	0 	0 	0 	0 	0 	0 	0 	0 	0 	0 	0 	0 	1 	2.3026 		 	0.0312
251 	0 	0 	1 	0 	0 	1 	0 	0 	0 	0 	0 	0 	0 	0 	0 	0 	0 	0 	0 	0 	2.3026 		 	0.0312
252 	0 	0 	0 	0 	0 	1 	0 	0 	0 	0 	0 	1 	0 	0 	0 	0 	0 	0 	0 	0 	2.3026 		 	0.0312
253 	0 	0 	2 	1 	1 	0 	1 	0 	11 	0 	0 	0 	0 	0 	0 	0 	5 	0 	0 	5 	1.4245 		 	0.4062
254 	0 	0 	0 	0 	0 	0 	0 	0 	0 	2 	0 	1 	0 	11 	0 	4 	1 	6 	0 	0 	1.5392 		 	0.3906
255 	7 	0 	0 	14 	0 	1 	1 	0 	1 	0 	0 	0 	0 	0 	0 	0 	1 	0 	0 	0 	1.7996 		 	0.3906
256 	7 	0 	2 	0 	0 	0 	1 	1 	0 	0 	1 	10 	0 	0 	0 	3 	0 	0 	0 	0 	1.4300 		 	0.3906
257 	0 	0 	1 	0 	0 	0 	4 	1 	0 	1 	0 	6 	0 	0 	0 	0 	0 	1 	11 	0 	1.4838 		 	0.3906
258 	0 	0 	1 	6 	0 	6 	0 	0 	3 	0 	0 	8 	0 	0 	0 	0 	0 	1 	0 	0 	1.4342 		 	0.3906
259 	1 	0 	0 	0 	0 	0 	0 	0 	1 	0 	0 	4 	0 	0 	0 	0 	17 	0 	1 	1 	1.9252 		 	0.3906
260 	0 	0 	1 	1 	1 	0 	4 	0 	0 	0 	0 	2 	0 	0 	0 	1 	0 	0 	0 	3 	1.2175 		 	0.2031
261 	0 	0 	0 	0 	1 	0 	0 	0 	0 	1 	0 	0 	0 	0 	0 	2 	2 	1 	0 	0 	1.4459 		 	0.1094
262 	1 	0 	1 	0 	0 	1 	0 	0 	0 	0 	0 	1 	0 	0 	0 	0 	2 	1 	0 	0 	1.2479 		 	0.1094
263 	0 	0 	0 	1 	0 	1 	0 	0 	1 	0 	0 	0 	1 	3 	0 	0 	0 	0 	0 	0 	1.5207 		 	0.1094
264 	0 	0 	0 	0 	0 	0 	0 	0 	0 	0 	0 	0 	0 	0 	0 	0 	0 	1 	0 	0 	2.9957 		 	0.0156
265 	0 	0 	0 	0 	0 	0 	0 	0 	0 	0 	0 	0 	0 	0 	0 	0 	1 	0 	0 	0 	2.9957 		 	0.0156
266 	0 	0 	0 	0 	0 	0 	0 	2 	0 	0 	0 	0 	1 	0 	0 	0 	1 	2 	0 	0 	1.6661 		 	0.0938
267 	0 	0 	0 	0 	0 	6 	0 	0 	0 	0 	0 	0 	0 	0 	0 	0 	0 	0 	0 	0 	2.9957 		 	0.0938
268 	4 	0 	0 	0 	0 	0 	0 	0 	0 	0 	0 	0 	0 	0 	0 	2 	0 	0 	0 	0 	2.3592 		 	0.0938
269 	0 	0 	0 	0 	0 	0 	0 	0 	0 	0 	0 	0 	0 	0 	0 	1 	0 	0 	0 	0 	2.9957 		 	0.0156
270 	0 	0 	0 	0 	0 	0 	0 	0 	0 	0 	0 	0 	1 	0 	1 	0 	0 	0 	0 	0 	2.3026 		 	0.0312
271 	1 	0 	1 	0 	0 	0 	0 	0 	0 	0 	0 	0 	0 	0 	0 	0 	0 	0 	0 	0 	2.3026 		 	0.0312
272 	0 	0 	0 	0 	0 	0 	0 	1 	0 	1 	0 	0 	0 	0 	0 	0 	0 	0 	0 	0 	2.3026 		 	0.0312
273 	0 	0 	0 	1 	0 	0 	0 	0 	1 	0 	0 	0 	0 	0 	0 	0 	0 	0 	0 	0 	2.3026 		 	0.0312
274 	0 	0 	0 	1 	0 	0 	0 	0 	0 	0 	0 	0 	0 	0 	0 	0 	0 	1 	0 	0 	2.3026 		 	0.0312
275 	0 	0 	0 	0 	0 	0 	0 	1 	0 	0 	1 	0 	0 	0 	0 	0 	0 	0 	0 	0 	2.3026 		 	0.0312
276 	3 	0 	1 	0 	0 	0 	0 	0 	1 	0 	0 	1 	0 	0 	0 	6 	1 	0 	0 	0 	1.5113 		 	0.2031
277 	0 	0 	13 	0 	0 	5 	1 	0 	0 	0 	0 	2 	0 	4 	0 	1 	0 	0 	0 	0 	1.5962 		 	0.4062
278 	4 	1 	1 	0 	0 	1 	0 	11 	0 	0 	0 	0 	1 	0 	7 	0 	0 	0 	0 	0 	1.4893 		 	0.4062
279 	2 	0 	0 	0 	1 	2 	0 	1 	18 	0 	0 	0 	0 	0 	0 	0 	1 	1 	0 	0 	1.8453 		 	0.4062
280 	0 	0 	0 	1 	0 	1 	0 	1 	2 	0 	0 	0 	0 	0 	3 	4 	14 	0 	0 	0 	1.5520 		 	0.4062
281 	8 	0 	0 	0 	5 	0 	0 	1 	0 	11 	0 	0 	0 	0 	0 	0 	0 	1 	0 	0 	1.7015 		 	0.4062
282 	2 	0 	0 	1 	0 	1 	0 	0 	12 	2 	0 	0 	0 	2 	0 	3 	3 	0 	0 	0 	1.2980 		 	0.4062
283 	0 	0 	0 	0 	18 	0 	0 	5 	0 	2 	0 	0 	0 	0 	0 	0 	0 	1 	0 	0 	2.1015 		 	0.4062
284 	0 	1 	11 	0 	0 	1 	0 	0 	0 	0 	0 	0 	0 	0 	0 	2 	11 	0 	0 	0 	1.8199 		 	0.4062
285 	9 	0 	0 	0 	0 	0 	0 	0 	0 	0 	0 	0 	8 	0 	0 	1 	0 	8 	0 	0 	1.7779 		 	0.4062
286 	3 	0 	0 	0 	2 	0 	0 	0 	0 	11 	0 	3 	0 	1 	0 	6 	0 	0 	0 	0 	1.4725 		 	0.4062
287 	4 	0 	3 	0 	0 	0 	0 	0 	0 	0 	0 	0 	0 	0 	0 	19 	0 	0 	0 	0 	2.2294 		 	0.4062
288 	0 	0 	0 	6 	0 	11 	1 	0 	0 	0 	0 	0 	5 	0 	1 	1 	1 	0 	0 	0 	1.4751 		 	0.4062
289 	1 	0 	1 	0 	0 	0 	0 	1 	7 	0 	0 	0 	0 	0 	1 	15 	0 	0 	0 	0 	1.8239 		 	0.4062
290 	1 	0 	0 	0 	0 	0 	0 	2 	0 	0 	0 	0 	1 	11 	0 	0 	6 	3 	0 	2 	1.3990 		 	0.4062
291 	0 	0 	0 	13 	0 	0 	0 	6 	0 	0 	0 	0 	0 	0 	0 	0 	4 	3 	0 	0 	1.7736 		 	0.4062
292 	13 	0 	0 	0 	0 	0 	0 	2 	0 	9 	0 	0 	0 	0 	0 	0 	0 	2 	0 	0 	1.8873 		 	0.4062
293 	0 	0 	0 	0 	0 	0 	0 	0 	1 	0 	0 	0 	0 	0 	1 	0 	0 	0 	0 	0 	2.3026 		 	0.0312
294 	0 	0 	0 	0 	0 	1 	0 	0 	1 	0 	0 	0 	0 	0 	0 	0 	0 	0 	0 	0 	2.3026 		 	0.0312
295 	0 	0 	0 	0 	0 	1 	0 	0 	0 	0 	0 	0 	0 	0 	0 	0 	0 	0 	0 	0 	2.9957 		 	0.0156
296 	0 	0 	0 	0 	0 	0 	0 	0 	0 	1 	0 	0 	0 	0 	0 	0 	0 	0 	0 	0 	2.9957 		 	0.0156
297 	0 	0 	0 	0 	0 	0 	0 	0 	0 	0 	0 	0 	0 	0 	0 	0 	0 	1 	0 	0 	2.9957 		 	0.0156
298 	0 	0 	0 	0 	0 	0 	0 	0 	0 	0 	0 	0 	0 	0 	0 	0 	0 	0 	0 	1 	2.9957 		 	0.0156
299 	0 	0 	0 	0 	0 	0 	0 	0 	0 	0 	0 	1 	0 	0 	0 	0 	0 	0 	0 	0 	2.9957 		 	0.0156
300 	0 	0 	0 	0 	0 	0 	0 	0 	0 	0 	0 	0 	0 	0 	0 	0 	0 	0 	0 	1 	2.9957 		 	0.0156
301 	0 	0 	1 	13 	0 	0 	0 	0 	4 	0 	0 	0 	0 	0 	2 	0 	5 	0 	0 	0 	1.7098 		 	0.3906
302 	0 	0 	0 	0 	12 	0 	0 	0 	0 	10 	3 	0 	0 	0 	0 	0 	0 	0 	0 	0 	2.0225 		 	0.3906
303 	0 	0 	0 	0 	0 	11 	0 	1 	0 	0 	0 	0 	1 	0 	0 	1 	11 	0 	0 	0 	1.8870 		 	0.3906
304 	0 	0 	5 	7 	0 	13 	0 	0 	1 	0 	0 	0 	0 	0 	0 	0 	0 	0 	0 	0 	1.8535 		 	0.4062
305 	0 	0 	0 	0 	1 	0 	0 	0 	0 	0 	0 	0 	0 	0 	0 	0 	0 	0 	1 	24 	2.6712 		 	0.4062
306 	0 	0 	0 	0 	0 	25 	0 	0 	0 	0 	0 	1 	0 	0 	0 	0 	0 	0 	0 	0 	2.8327 		 	0.4062
307 	1 	0 	6 	4 	0 	0 	0 	0 	11 	0 	0 	0 	0 	0 	0 	1 	1 	1 	0 	0 	1.4838 		 	0.3906
308 	9 	0 	0 	0 	0 	0 	0 	0 	0 	1 	1 	0 	1 	0 	0 	0 	0 	13 	0 	0 	1.9016 		 	0.3906
309 	0 	1 	0 	0 	0 	1 	0 	0 	1 	0 	0 	0 	0 	0 	0 	6 	16 	0 	0 	0 	1.9813 		 	0.3906
310 	0 	0 	0 	0 	0 	0 	0 	0 	0 	19 	1 	0 	1 	0 	0 	0 	0 	4 	0 	0 	2.2364 		 	0.3906
311 	0 	0 	4 	13 	0 	1 	0 	0 	0 	2 	2 	0 	0 	0 	0 	0 	3 	0 	0 	0 	1.5752 		 	0.3906
312 	1 	24 	0 	0 	0 	0 	0 	0 	0 	0 	0 	0 	0 	0 	0 	0 	0 	0 	0 	0 	2.8278 		 	0.3906
313 	0 	0 	0 	0 	1 	0 	0 	0 	0 	0 	0 	0 	0 	0 	0 	0 	0 	0 	0 	0 	2.9957 		 	0.0156
314 	0 	0 	0 	0 	0 	1 	0 	0 	0 	0 	0 	0 	0 	0 	0 	0 	0 	0 	0 	0 	2.9957 		 	0.0156
315 	0 	0 	1 	0 	0 	0 	0 	0 	0 	0 	0 	0 	0 	0 	0 	0 	0 	0 	0 	0 	2.9957 		 	0.0156
316 	0 	0 	0 	5 	0 	0 	0 	2 	2 	0 	0 	0 	0 	10 	5 	1 	0 	0 	0 	0 	1.4526 		 	0.3906
317 	0 	0 	0 	0 	0 	0 	0 	0 	0 	1 	0 	0 	6 	1 	0 	0 	0 	17 	0 	0 	2.1335 		 	0.3906
318 	7 	0 	1 	0 	0 	0 	0 	0 	0 	0 	0 	0 	0 	11 	6 	0 	0 	0 	0 	0 	1.8068 		 	0.3906
319 	0 	0 	0 	0 	0 	0 	0 	0 	0 	0 	0 	0 	0 	0 	1 	11 	13 	0 	0 	0 	2.1657 		 	0.3906
320 	11 	0 	0 	0 	0 	12 	0 	0 	0 	0 	0 	0 	0 	0 	1 	1 	0 	0 	0 	0 	2.0247 		 	0.3906
321 	0 	0 	0 	0 	0 	0 	0 	4 	0 	5 	0 	0 	0 	0 	0 	0 	0 	15 	0 	0 	2.0766 		 	0.3750
322 	0 	0 	22 	0 	0 	0 	0 	0 	0 	0 	0 	2 	0 	0 	0 	0 	0 	0 	0 	0 	2.7089 		 	0.3750
323 	1 	0 	0 	0 	13 	0 	0 	0 	0 	4 	0 	0 	0 	0 	0 	0 	4 	2 	0 	0 	1.7269 		 	0.3750
324 	6 	0 	0 	2 	0 	10 	0 	0 	0 	0 	0 	1 	0 	0 	0 	4 	1 	0 	0 	0 	1.5138 		 	0.3750
325 	4 	0 	2 	1 	0 	0 	0 	0 	0 	0 	0 	11 	0 	6 	0 	0 	0 	0 	0 	0 	1.6535 		 	0.3750
326 	0 	0 	0 	0 	1 	0 	0 	1 	0 	1 	1 	0 	0 	0 	0 	11 	6 	0 	0 	3 	1.5020 		 	0.3750
327 	0 	0 	0 	0 	0 	0 	0 	1 	0 	0 	0 	0 	0 	0 	0 	0 	0 	7 	0 	16 	2.2336 		 	0.3750
328 	1 	0 	0 	0 	0 	0 	0 	12 	0 	1 	0 	0 	0 	0 	0 	0 	0 	9 	0 	1 	1.8841 		 	0.3750
329 	11 	0 	0 	0 	0 	0 	0 	0 	0 	6 	6 	0 	0 	0 	0 	0 	0 	0 	0 	0 	1.9419 		 	0.3594
330 	1 	0 	0 	14 	0 	0 	0 	0 	0 	0 	0 	0 	0 	1 	0 	3 	4 	0 	0 	0 	1.8510 		 	0.3594
331 	0 	0 	0 	0 	0 	0 	0 	1 	0 	6 	13 	0 	0 	0 	0 	0 	0 	3 	0 	0 	1.9207 		 	0.3594
332 	0 	0 	6 	12 	0 	4 	0 	0 	0 	0 	0 	1 	0 	0 	0 	0 	0 	0 	0 	0 	1.8652 		 	0.3594
333 	0 	0 	0 	1 	0 	0 	0 	0 	14 	0 	0 	2 	0 	0 	0 	3 	3 	0 	0 	0 	1.8135 		 	0.3594
334 	0 	0 	0 	0 	0 	0 	0 	0 	0 	0 	0 	0 	0 	0 	0 	2 	4 	0 	0 	0 	2.3592 		 	0.0938
335 	3 	0 	0 	0 	0 	0 	1 	0 	2 	0 	0 	0 	0 	0 	0 	0 	0 	0 	0 	0 	1.9843 		 	0.0938
336 	0 	0 	2 	4 	0 	0 	0 	0 	0 	0 	0 	0 	0 	0 	0 	0 	0 	0 	0 	0 	2.3592 		 	0.0938
337 	0 	0 	0 	0 	0 	0 	6 	0 	0 	0 	0 	0 	0 	0 	0 	0 	0 	0 	0 	0 	2.9957 		 	0.0938
338 	0 	0 	0 	0 	0 	0 	0 	0 	0 	6 	0 	0 	0 	0 	0 	0 	0 	0 	0 	0 	2.9957 		 	0.0938
339 	0 	0 	0 	0 	0 	0 	0 	0 	0 	0 	0 	0 	6 	0 	1 	0 	0 	0 	0 	0 	2.5856 		 	0.1094
340 	0 	0 	3 	8 	0 	0 	0 	0 	6 	0 	0 	0 	0 	0 	0 	2 	6 	0 	0 	0 	1.4896 		 	0.3906
341 	7 	0 	1 	0 	0 	0 	2 	0 	0 	0 	0 	0 	0 	0 	0 	13 	2 	0 	0 	0 	1.7664 		 	0.3906
342 	0 	0 	0 	0 	4 	0 	0 	1 	0 	1 	0 	0 	0 	0 	0 	0 	0 	0 	19 	0 	2.2364 		 	0.3906
343 	0 	0 	0 	0 	0 	0 	0 	11 	0 	7 	0 	0 	0 	6 	1 	0 	0 	0 	0 	0 	1.8068 		 	0.3906
344 	0 	0 	0 	0 	0 	0 	0 	0 	0 	1 	0 	1 	0 	0 	0 	0 	0 	23 	0 	0 	2.6615 		 	0.3906
345 	0 	0 	11 	0 	0 	1 	12 	0 	0 	1 	0 	0 	0 	0 	0 	0 	0 	0 	0 	0 	2.0247 		 	0.3906
346 	0 	0 	0 	0 	0 	0 	0 	0 	2 	0 	0 	0 	0 	0 	22 	1 	0 	0 	0 	0 	2.5524 		 	0.3906
347 	1 	0 	6 	5 	0 	0 	0 	0 	0 	0 	0 	0 	1 	12 	0 	0 	0 	0 	0 	0 	1.7215 		 	0.3906
348 	0 	0 	0 	0 	1 	0 	0 	0 	0 	0 	0 	0 	0 	0 	0 	1 	0 	0 	23 	0 	2.6615 		 	0.3906
349 	11 	0 	0 	0 	12 	0 	0 	0 	0 	0 	0 	0 	0 	0 	0 	0 	0 	1 	0 	1 	2.0247 		 	0.3906
350 	0 	0 	0 	2 	0 	0 	2 	0 	1 	2 	2 	5 	0 	11 	0 	0 	0 	0 	0 	0 	1.3756 		 	0.3906
351 	0 	0 	23 	0 	0 	0 	0 	0 	0 	0 	0 	1 	0 	0 	0 	0 	0 	1 	0 	0 	2.6615 		 	0.3906
352 	0 	1 	0 	0 	0 	0 	0 	2 	0 	22 	0 	0 	0 	0 	0 	0 	0 	0 	0 	0 	2.5524 		 	0.3906
353 	7 	0 	0 	0 	0 	0 	1 	0 	0 	1 	0 	2 	3 	0 	0 	0 	11 	0 	0 	0 	1.5641 		 	0.3906
354 	0 	0 	0 	0 	0 	0 	0 	1 	0 	23 	0 	0 	0 	0 	0 	0 	0 	1 	0 	0 	2.6615 		 	0.3906
355 	0 	0 	0 	0 	0 	1 	0 	0 	0 	0 	0 	0 	24 	0 	0 	0 	0 	0 	0 	0 	2.8278 		 	0.3906
356 	0 	0 	0 	0 	0 	0 	0 	0 	0 	0 	0 	0 	0 	0 	0 	0 	0 	0 	24 	1 	2.8278 		 	0.3906
357 	0 	0 	0 	0 	0 	0 	1 	0 	6 	1 	0 	0 	0 	11 	0 	2 	4 	0 	0 	0 	1.5392 		 	0.3906
358 	1 	0 	0 	0 	0 	1 	6 	0 	0 	0 	0 	0 	1 	1 	0 	15 	0 	0 	0 	0 	1.8317 		 	0.3906
359 	3 	0 	2 	2 	0 	13 	0 	0 	2 	0 	0 	0 	2 	0 	0 	0 	0 	1 	0 	0 	1.4643 		 	0.3906
360 	3 	0 	2 	1 	0 	5 	0 	0 	0 	0 	0 	0 	0 	0 	0 	12 	0 	2 	0 	0 	1.5342 		 	0.3906
361 	0 	0 	2 	1 	0 	0 	0 	0 	0 	0 	0 	0 	0 	0 	0 	0 	0 	0 	0 	0 	2.3592 		 	0.0469
362 	0 	1 	0 	0 	0 	0 	0 	0 	0 	0 	0 	0 	0 	0 	0 	1 	2 	0 	0 	0 	1.9560 		 	0.0625
363 	0 	0 	0 	0 	0 	2 	0 	0 	0 	0 	0 	0 	0 	1 	0 	0 	1 	0 	0 	0 	1.9560 		 	0.0625
364 	2 	0 	0 	0 	0 	12 	0 	0 	0 	0 	2 	3 	0 	0 	0 	4 	1 	0 	0 	1 	1.4342 		 	0.3906
365 	0 	0 	0 	0 	0 	0 	0 	0 	0 	0 	0 	0 	0 	0 	0 	0 	0 	1 	0 	0 	2.9957 		 	0.0156
366 	0 	0 	0 	0 	0 	0 	0 	0 	0 	0 	0 	0 	0 	0 	0 	1 	0 	0 	0 	0 	2.9957 		 	0.0156
367 	0 	0 	0 	2 	0 	11 	0 	0 	0 	0 	0 	1 	3 	2 	0 	1 	3 	2 	0 	0 	1.2620 		 	0.3906
368 	2 	0 	2 	1 	0 	2 	2 	3 	0 	0 	1 	1 	0 	0 	0 	0 	2 	9 	0 	0 	0.9769 		 	0.3906
369 	0 	0 	0 	0 	0 	0 	0 	0 	0 	0 	0 	0 	0 	0 	0 	0 	1 	0 	24 	0 	2.8278 		 	0.3906
370 	0 	0 	0 	0 	0 	0 	0 	1 	1 	1 	0 	7 	0 	0 	15 	0 	0 	0 	0 	0 	1.9465 		 	0.3906
371 	0 	0 	0 	12 	0 	0 	0 	0 	0 	0 	0 	9 	0 	1 	1 	2 	0 	0 	0 	0 	1.8161 		 	0.3906
372 	4 	0 	0 	0 	0 	0 	0 	0 	2 	0 	11 	1 	0 	0 	4 	0 	1 	2 	0 	0 	1.3864 		 	0.3906
373 	0 	0 	0 	12 	0 	1 	11 	0 	0 	0 	0 	0 	0 	0 	0 	1 	0 	0 	0 	0 	2.0247 		 	0.3906
374 	1 	0 	0 	0 	0 	1 	11 	1 	2 	1 	0 	0 	0 	0 	4 	0 	3 	1 	0 	0 	1.2410 		 	0.3906
375 	0 	0 	0 	0 	0 	0 	0 	0 	0 	23 	0 	0 	0 	0 	0 	0 	0 	1 	0 	0 	2.8225 		 	0.3750
376 	0 	0 	0 	0 	0 	0 	0 	0 	1 	0 	3 	0 	0 	0 	0 	0 	0 	20 	0 	0 	2.4514 		 	0.3750
377 	0 	0 	0 	22 	0 	0 	0 	0 	0 	0 	0 	0 	0 	0 	0 	0 	2 	0 	0 	0 	2.7089 		 	0.3750
378 	0 	0 	0 	0 	24 	0 	0 	0 	0 	0 	0 	0 	0 	0 	0 	0 	0 	0 	0 	0 	2.9957 		 	0.3750
379 	0 	0 	0 	15 	0 	6 	0 	0 	2 	0 	0 	0 	0 	0 	1 	0 	0 	0 	0 	0 	2.0159 		 	0.3750
380 	0 	0 	0 	0 	0 	0 	0 	0 	0 	0 	0 	0 	0 	0 	1 	0 	0 	0 	0 	0 	2.9957 		 	0.0156
381 	0 	0 	1 	0 	0 	0 	0 	0 	0 	0 	0 	0 	0 	0 	0 	0 	0 	0 	0 	0 	2.9957 		 	0.0156
382 	1 	0 	1 	4 	0 	0 	0 	0 	1 	0 	0 	1 	13 	0 	0 	0 	1 	2 	0 	0 	1.4958 		 	0.3750
383 	2 	0 	0 	0 	0 	0 	0 	0 	0 	0 	0 	0 	22 	0 	0 	0 	0 	0 	0 	0 	2.7089 		 	0.3750
384 	0 	0 	0 	0 	1 	0 	23 	0 	0 	0 	0 	0 	0 	0 	0 	0 	0 	0 	0 	0 	2.8225 		 	0.3750
385 	23 	0 	0 	0 	0 	0 	0 	0 	0 	0 	0 	0 	1 	0 	0 	0 	0 	0 	0 	0 	2.8225 		 	0.3750
386 	11 	0 	0 	0 	0 	0 	1 	0 	2 	0 	0 	0 	0 	0 	0 	0 	4 	6 	0 	0 	1.6535 		 	0.3750
387 	0 	0 	0 	0 	0 	0 	0 	0 	11 	0 	0 	0 	0 	0 	2 	0 	11 	0 	0 	0 	2.0735 		 	0.3750
388 	0 	0 	0 	0 	0 	0 	0 	11 	0 	0 	6 	0 	0 	6 	0 	0 	0 	1 	0 	0 	1.8126 		 	0.3750
389 	0 	0 	8 	0 	0 	0 	0 	0 	1 	0 	0 	0 	0 	0 	10 	4 	1 	0 	0 	0 	1.7013 		 	0.3750
390 	0 	1 	0 	0 	0 	0 	0 	0 	0 	0 	0 	0 	0 	0 	0 	0 	0 	0 	0 	0 	2.9957 		 	0.0156
391 	0 	0 	0 	0 	0 	0 	0 	0 	0 	0 	0 	0 	0 	0 	0 	0 	0 	24 	0 	0 	2.9957 		 	0.3750
392 	0 	0 	0 	0 	3 	0 	0 	1 	0 	11 	0 	0 	0 	0 	0 	0 	1 	5 	0 	3 	1.5267 		 	0.3750
393 	15 	0 	0 	0 	0 	0 	0 	0 	0 	0 	0 	6 	0 	0 	0 	0 	1 	2 	0 	0 	2.0159 		 	0.3750
394 	0 	0 	0 	0 	0 	0 	0 	1 	0 	23 	0 	0 	0 	0 	0 	0 	0 	0 	0 	0 	2.8225 		 	0.3750
395 	0 	0 	0 	0 	0 	23 	0 	0 	0 	0 	0 	0 	0 	0 	0 	0 	0 	1 	0 	0 	2.8225 		 	0.3750
396 	0 	0 	9 	1 	0 	0 	0 	0 	0 	0 	0 	8 	0 	0 	0 	6 	0 	0 	0 	0 	1.7827 		 	0.3750
397 	0 	0 	0 	0 	0 	0 	0 	0 	1 	0 	0 	0 	0 	23 	0 	0 	0 	0 	0 	0 	2.8225 		 	0.3750
398 	0 	0 	0 	18 	0 	0 	0 	0 	0 	0 	0 	0 	0 	0 	0 	0 	6 	0 	0 	0 	2.4334 		 	0.3750
399 	2 	0 	1 	0 	0 	21 	0 	0 	0 	0 	0 	0 	0 	0 	0 	0 	0 	0 	0 	0 	2.5394 		 	0.3750
400 	5 	0 	0 	0 	0 	1 	0 	0 	0 	1 	0 	0 	0 	0 	0 	11 	0 	6 	0 	0 	1.7000 		 	0.3750
401 	0 	0 	0 	0 	1 	0 	0 	0 	0 	21 	1 	0 	0 	0 	0 	0 	0 	1 	0 	0 	2.4816 		 	0.3750
402 	0 	0 	0 	0 	0 	0 	7 	0 	11 	6 	0 	0 	0 	0 	0 	0 	0 	0 	0 	0 	1.9322 		 	0.3750
403 	0 	1 	0 	0 	0 	0 	0 	0 	5 	0 	0 	0 	0 	4 	1 	0 	13 	0 	0 	0 	1.7734 		 	0.3750
404 	18 	0 	0 	0 	0 	0 	0 	0 	1 	0 	0 	0 	0 	0 	0 	5 	0 	0 	0 	0 	2.3208 		 	0.3750
405 	0 	0 	0 	0 	0 	0 	0 	0 	0 	24 	0 	0 	0 	0 	0 	0 	0 	0 	0 	0 	2.9957 		 	0.3750
406 	11 	0 	0 	0 	0 	1 	0 	0 	0 	0 	0 	0 	0 	0 	0 	0 	12 	0 	0 	0 	2.1592 		 	0.3750
407 	0 	0 	0 	0 	0 	23 	0 	0 	0 	0 	0 	0 	0 	0 	0 	0 	0 	0 	0 	0 	2.9957 		 	0.3594
408 	19 	0 	0 	0 	0 	0 	0 	0 	0 	0 	0 	0 	0 	0 	0 	0 	0 	4 	0 	0 	2.5337 		 	0.3594
409 	0 	0 	0 	0 	0 	0 	0 	4 	0 	1 	11 	0 	6 	0 	0 	0 	1 	0 	0 	0 	1.7156 		 	0.3594
410 	0 	0 	0 	2 	0 	0 	0 	0 	0 	4 	0 	0 	3 	0 	11 	0 	0 	3 	0 	0 	1.5950 		 	0.3594
411 	7 	0 	0 	0 	0 	0 	0 	1 	0 	0 	0 	0 	0 	0 	0 	0 	0 	15 	0 	0 	2.2186 		 	0.3594
412 	0 	0 	0 	5 	0 	0 	3 	0 	0 	0 	0 	0 	0 	1 	0 	3 	11 	0 	0 	0 	1.6435 		 	0.3594
413 	0 	0 	0 	0 	3 	0 	0 	4 	11 	0 	2 	0 	0 	0 	0 	0 	0 	2 	0 	1 	1.5120 		 	0.3594
414 	0 	0 	12 	6 	0 	0 	0 	0 	0 	0 	0 	0 	0 	0 	0 	5 	0 	0 	0 	0 	1.9740 		 	0.3594
415 	0 	0 	0 	3 	0 	7 	0 	0 	0 	0 	0 	0 	0 	0 	0 	5 	8 	0 	0 	0 	1.6689 		 	0.3594
416 	1 	0 	0 	0 	0 	0 	0 	0 	0 	0 	0 	14 	0 	2 	0 	1 	3 	0 	0 	0 	1.9335 		 	0.3281
417 	0 	0 	10 	0 	0 	2 	0 	0 	7 	0 	0 	0 	0 	0 	0 	1 	3 	0 	0 	0 	1.6572 		 	0.3594
418 	0 	0 	0 	0 	0 	0 	0 	0 	0 	0 	0 	10 	0 	0 	0 	1 	0 	0 	0 	0 	2.6911 		 	0.1719
419 	0 	0 	0 	0 	0 	0 	0 	0 	0 	0 	0 	11 	0 	0 	0 	0 	0 	0 	0 	0 	2.9957 		 	0.1719
420 	0 	0 	0 	0 	0 	0 	0 	0 	0 	11 	0 	0 	0 	0 	1 	0 	0 	0 	0 	0 	2.7089 		 	0.1875
421 	0 	0 	0 	0 	0 	1 	0 	0 	0 	1 	0 	1 	1 	0 	0 	0 	0 	3 	0 	17 	1.9619 		 	0.3750
422 	0 	0 	0 	0 	0 	0 	6 	0 	15 	2 	0 	0 	0 	0 	1 	0 	0 	0 	0 	0 	2.0159 		 	0.3750
423 	0 	0 	0 	0 	0 	0 	0 	0 	0 	23 	0 	0 	0 	1 	0 	0 	0 	0 	0 	0 	2.8225 		 	0.3750
424 	0 	0 	0 	1 	2 	0 	11 	0 	6 	0 	0 	0 	0 	0 	0 	0 	4 	0 	0 	0 	1.6535 		 	0.3750
425 	0 	0 	0 	0 	0 	11 	0 	0 	0 	0 	0 	0 	0 	0 	0 	11 	2 	0 	0 	0 	2.0735 		 	0.3750
426 	1 	0 	0 	0 	0 	24 	0 	0 	0 	0 	0 	0 	0 	0 	0 	0 	0 	0 	0 	0 	2.8278 		 	0.3906
427 	0 	0 	0 	0 	0 	0 	23 	0 	0 	0 	0 	1 	1 	0 	0 	0 	0 	0 	0 	0 	2.6615 		 	0.3906
428 	0 	0 	0 	0 	1 	0 	0 	0 	0 	6 	0 	0 	0 	0 	0 	0 	0 	17 	1 	0 	2.1335 		 	0.3906
429 	0 	0 	0 	0 	0 	1 	0 	0 	6 	0 	0 	0 	0 	0 	0 	11 	7 	0 	0 	0 	1.8068 		 	0.3906
430 	0 	25 	0 	0 	0 	0 	0 	0 	0 	0 	0 	0 	0 	0 	0 	0 	0 	0 	0 	0 	2.9957 		 	0.3906
431 	0 	0 	2 	4 	0 	0 	0 	0 	1 	0 	0 	0 	0 	0 	17 	0 	0 	0 	0 	0 	2.1133 		 	0.3750
432 	0 	0 	0 	0 	0 	0 	0 	1 	0 	3 	0 	0 	0 	0 	0 	0 	0 	21 	0 	0 	2.4661 		 	0.3906
433 	0 	0 	0 	1 	0 	6 	0 	0 	17 	0 	0 	0 	0 	0 	1 	0 	0 	0 	0 	0 	2.1335 		 	0.3906
434 	0 	0 	0 	0 	0 	1 	0 	0 	0 	17 	6 	0 	0 	0 	0 	0 	0 	1 	0 	0 	2.1335 		 	0.3906
435 	0 	0 	4 	10 	0 	0 	0 	0 	0 	0 	0 	0 	0 	0 	0 	11 	0 	0 	0 	0 	1.9748 		 	0.3906
436 	11 	0 	0 	0 	0 	0 	0 	0 	12 	0 	0 	0 	2 	0 	0 	0 	0 	0 	0 	0 	2.0801 		 	0.3906
437 	0 	0 	0 	0 	0 	0 	0 	0 	0 	24 	0 	0 	0 	0 	0 	0 	0 	1 	0 	0 	2.8278 		 	0.3906
438 	1 	0 	0 	0 	0 	0 	0 	0 	7 	0 	0 	0 	0 	3 	2 	0 	12 	0 	0 	0 	1.7018 		 	0.3906
439 	1 	0 	0 	0 	0 	0 	0 	0 	0 	19 	4 	0 	0 	0 	0 	0 	0 	0 	0 	1 	2.2364 		 	0.3906
440 	0 	0 	0 	0 	0 	0 	0 	0 	24 	0 	0 	0 	0 	0 	0 	1 	0 	0 	0 	0 	2.8278 		 	0.3906
441 	0 	0 	0 	0 	0 	24 	0 	0 	0 	0 	0 	1 	1 	0 	0 	0 	0 	0 	0 	0 	2.6712 		 	0.4062
442 	1 	1 	0 	0 	0 	1 	0 	0 	0 	3 	1 	0 	0 	0 	0 	0 	14 	1 	0 	0 	1.7339 		 	0.3438
443 	1 	0 	0 	0 	0 	0 	0 	0 	0 	0 	0 	0 	0 	1 	0 	14 	6 	0 	0 	0 	2.0728 		 	0.3438
444 	0 	1 	0 	0 	0 	0 	0 	0 	0 	0 	0 	0 	0 	0 	0 	0 	0 	1 	0 	20 	2.6281 		 	0.3438
445 	0 	0 	0 	0 	0 	4 	0 	0 	12 	0 	0 	0 	0 	0 	0 	3 	3 	0 	0 	0 	1.8118 		 	0.3438
446 	0 	0 	0 	0 	0 	0 	1 	1 	0 	1 	15 	0 	0 	1 	0 	0 	1 	2 	0 	0 	1.8141 		 	0.3438
447 	0 	21 	0 	0 	0 	0 	0 	1 	0 	0 	0 	0 	0 	0 	0 	0 	0 	0 	0 	0 	2.8108 		 	0.3438
448 	0 	0 	4 	0 	0 	0 	0 	0 	0 	0 	0 	0 	1 	0 	1 	2 	13 	1 	0 	0 	1.7354 		 	0.3438
449 	1 	0 	11 	0 	0 	1 	0 	1 	6 	0 	0 	0 	0 	0 	1 	0 	0 	0 	1 	0 	1.5923 		 	0.3438
450 	0 	1 	0 	0 	0 	0 	0 	0 	0 	0 	0 	0 	0 	0 	0 	0 	0 	0 	0 	0 	2.9957 		 	0.0156
451 	0 	0 	0 	0 	0 	1 	0 	0 	0 	0 	0 	0 	0 	0 	0 	0 	0 	0 	0 	0 	2.9957 		 	0.0156
452 	0 	0 	0 	0 	1 	0 	0 	0 	0 	0 	0 	0 	0 	0 	0 	0 	0 	0 	0 	0 	2.9957 		 	0.0156
453 	0 	0 	1 	1 	0 	0 	0 	0 	0 	0 	0 	0 	0 	0 	0 	1 	0 	0 	0 	0 	1.8971 		 	0.0469
454 	0 	1 	0 	0 	1 	0 	0 	1 	0 	0 	0 	0 	0 	0 	0 	0 	0 	0 	0 	0 	1.8971 		 	0.0469
455 	0 	0 	0 	0 	0 	0 	0 	0 	1 	0 	0 	0 	0 	0 	0 	0 	0 	0 	1 	0 	2.3026 		 	0.0312
456 	0 	0 	0 	1 	0 	0 	0 	0 	0 	0 	0 	0 	1 	0 	0 	0 	0 	0 	0 	0 	2.3026 		 	0.0312
457 	0 	0 	0 	1 	0 	0 	0 	0 	0 	0 	0 	0 	1 	0 	0 	0 	0 	0 	0 	0 	2.3026 		 	0.0312
458 	0 	0 	0 	0 	0 	0 	0 	0 	0 	0 	0 	0 	0 	0 	0 	0 	1 	0 	0 	1 	2.3026 		 	0.0312
459 	0 	0 	1 	0 	0 	2 	0 	0 	0 	0 	0 	0 	0 	0 	0 	0 	0 	0 	0 	0 	2.3592 		 	0.0469
460 	0 	0 	0 	0 	0 	0 	0 	1 	0 	1 	0 	0 	0 	0 	0 	1 	0 	0 	0 	0 	1.8971 		 	0.0469
461 	3 	0 	0 	0 	0 	0 	0 	0 	0 	0 	0 	0 	2 	0 	0 	1 	0 	1 	0 	0 	1.7187 		 	0.1094
462 	3 	0 	1 	0 	0 	0 	1 	0 	16 	0 	0 	0 	0 	0 	1 	0 	0 	0 	0 	0 	2.0709 		 	0.3438
463 	1 	0 	0 	0 	9 	0 	0 	0 	0 	0 	11 	0 	0 	0 	0 	0 	0 	0 	0 	1 	2.0025 		 	0.3438
464 	2 	0 	0 	0 	1 	0 	0 	0 	3 	0 	0 	0 	2 	0 	1 	10 	3 	0 	0 	0 	1.3770 		 	0.3438
465 	0 	0 	0 	0 	16 	0 	0 	1 	0 	0 	0 	0 	0 	0 	0 	0 	0 	1 	4 	0 	2.1732 		 	0.3438
466 	1 	0 	0 	0 	0 	1 	1 	0 	4 	1 	0 	0 	0 	0 	0 	0 	1 	13 	0 	0 	1.6724 		 	0.3438
467 	0 	0 	0 	0 	0 	1 	0 	0 	14 	0 	0 	0 	0 	0 	7 	0 	0 	0 	0 	0 	2.2032 		 	0.3438
468 	2 	2 	0 	1 	0 	0 	0 	0 	0 	0 	0 	11 	0 	0 	0 	1 	3 	2 	0 	0 	1.4425 		 	0.3438
469 	0 	0 	0 	0 	0 	1 	0 	2 	0 	0 	0 	0 	18 	0 	0 	1 	0 	0 	0 	0 	2.3326 		 	0.3438
470 	4 	0 	0 	1 	0 	0 	0 	0 	0 	1 	0 	0 	0 	0 	0 	0 	15 	1 	0 	0 	2.0031 		 	0.3438
471 	0 	0 	17 	2 	0 	1 	0 	0 	0 	0 	0 	0 	0 	0 	0 	1 	1 	0 	0 	0 	2.1570 		 	0.3438
472 	0 	0 	0 	0 	0 	0 	0 	0 	0 	0 	0 	1 	2 	0 	0 	4 	15 	0 	0 	0 	2.0662 		 	0.3438
473 	0 	0 	1 	1 	0 	16 	0 	0 	0 	1 	0 	0 	0 	1 	1 	0 	1 	0 	0 	0 	1.9211 		 	0.3438
474 	0 	0 	0 	0 	0 	0 	0 	1 	0 	1 	0 	0 	0 	0 	0 	0 	1 	0 	0 	0 	1.8971 		 	0.0469
475 	0 	0 	0 	0 	0 	1 	0 	0 	0 	1 	0 	0 	0 	0 	0 	0 	1 	0 	0 	0 	1.8971 		 	0.0469
476 	0 	0 	0 	1 	0 	0 	0 	0 	1 	0 	0 	0 	0 	0 	0 	0 	0 	0 	0 	1 	1.8971 		 	0.0469
477 	0 	0 	1 	0 	0 	0 	0 	0 	0 	0 	0 	0 	0 	0 	1 	0 	0 	1 	0 	0 	1.8971 		 	0.0469
478 	0 	0 	0 	0 	0 	0 	0 	0 	0 	1 	0 	0 	0 	0 	0 	1 	0 	1 	0 	0 	1.8971 		 	0.0469
479 	0 	1 	0 	1 	0 	0 	0 	0 	0 	0 	0 	0 	0 	0 	0 	0 	0 	1 	0 	0 	1.8971 		 	0.0469
480 	1 	0 	1 	0 	0 	0 	0 	0 	0 	0 	0 	0 	0 	0 	0 	0 	1 	0 	0 	0 	1.8971 		 	0.0469
481 	0 	0 	0 	0 	0 	0 	0 	0 	0 	0 	0 	0 	0 	0 	0 	1 	0 	2 	0 	0 	2.3592 		 	0.0469
482 	1 	0 	0 	0 	0 	0 	0 	0 	0 	0 	0 	0 	1 	0 	0 	0 	1 	0 	0 	0 	1.8971 		 	0.0469
483 	0 	0 	2 	0 	1 	0 	0 	0 	0 	0 	0 	0 	0 	0 	0 	0 	0 	0 	0 	0 	2.3592 		 	0.0469
484 	0 	2 	0 	0 	0 	0 	0 	0 	0 	0 	0 	0 	0 	0 	0 	0 	0 	1 	0 	0 	2.3592 		 	0.0469
485 	0 	0 	0 	0 	0 	0 	0 	1 	0 	0 	0 	2 	0 	0 	0 	0 	0 	0 	0 	0 	2.3592 		 	0.0469
486 	0 	0 	0 	0 	0 	0 	0 	0 	0 	0 	0 	0 	0 	0 	2 	0 	0 	0 	0 	1 	2.3592 		 	0.0469
487 	0 	0 	0 	0 	0 	0 	0 	0 	0 	0 	0 	0 	0 	0 	0 	1 	1 	0 	0 	0 	2.3026 		 	0.0312
488 	1 	0 	0 	0 	0 	0 	0 	0 	0 	0 	0 	0 	0 	0 	0 	0 	1 	0 	0 	0 	2.3026 		 	0.0312
489 	0 	0 	1 	0 	0 	0 	19 	0 	0 	0 	0 	0 	1 	0 	0 	0 	0 	0 	0 	0 	2.6152 		 	0.3281
490 	0 	0 	5 	0 	2 	15 	0 	0 	0 	0 	0 	0 	0 	0 	0 	0 	0 	0 	0 	0 	2.1799 		 	0.3438
491 	0 	0 	0 	0 	0 	2 	0 	0 	0 	0 	0 	0 	0 	0 	0 	0 	20 	0 	0 	0 	2.6911 		 	0.3438
492 	1 	0 	0 	0 	0 	1 	0 	2 	0 	0 	0 	0 	0 	0 	0 	0 	0 	18 	0 	0 	2.3326 		 	0.3438
493 	0 	0 	0 	0 	0 	0 	0 	0 	0 	0 	0 	0 	0 	0 	1 	1 	1 	19 	0 	0 	2.4476 		 	0.3438
494 	0 	0 	0 	0 	0 	1 	0 	2 	0 	3 	15 	0 	0 	0 	0 	0 	0 	1 	0 	0 	1.9639 		 	0.3438
495 	0 	0 	0 	7 	0 	0 	0 	0 	0 	0 	0 	0 	1 	11 	1 	1 	1 	0 	0 	0 	1.7228 		 	0.3438
496 	2 	0 	0 	0 	0 	0 	1 	1 	0 	11 	0 	0 	0 	0 	0 	0 	0 	31 	0 	17 	1.7475 		 	0.9844
497 	2 	0 	0 	20 	0 	2 	2 	0 	11 	0 	0 	2 	2 	17 	0 	1 	4 	0 	0 	0 	1.1849 		 	0.9844
498 	0 	0 	0 	0 	3 	0 	0 	1 	0 	0 	0 	1 	0 	0 	0 	0 	1 	39 	2 	17 	1.8951 		 	1.0000
499 	1 	0 	0 	2 	0 	0 	0 	0 	1 	0 	0 	0 	0 	1 	0 	3 	3 	0 	0 	0 	1.3231 		 	0.1719
500 	1 	0 	0 	0 	0 	9 	0 	0 	0 	0 	0 	0 	10 	0 	0 	1 	0 	0 	0 	0 	1.9893 		 	0.3281
501 	0 	0 	1 	0 	0 	0 	0 	0 	0 	0 	0 	0 	0 	0 	0 	0 	0 	0 	0 	0 	2.9957 		 	0.0156
502 	0 	0 	1 	0 	0 	1 	0 	0 	11 	0 	0 	0 	0 	0 	2 	2 	5 	0 	0 	0 	1.5954 		 	0.3438
503 	0 	0 	4 	2 	0 	13 	0 	0 	0 	0 	0 	0 	0 	0 	0 	0 	0 	0 	0 	0 	2.1711 		 	0.2969
504 	11 	0 	0 	0 	0 	4 	1 	0 	4 	0 	0 	1 	0 	0 	0 	1 	0 	0 	0 	0 	1.6077 		 	0.3438
505 	0 	0 	0 	1 	0 	0 	1 	0 	0 	0 	0 	0 	20 	0 	0 	0 	0 	0 	0 	0 	2.6281 		 	0.3438
506 	0 	21 	0 	0 	0 	0 	0 	0 	0 	0 	0 	0 	0 	0 	0 	0 	0 	1 	0 	0 	2.8108 		 	0.3438
507 	0 	0 	0 	0 	0 	0 	0 	0 	12 	1 	0 	0 	1 	0 	8 	0 	0 	0 	0 	0 	2.0163 		 	0.3438
508 	0 	0 	0 	0 	0 	0 	0 	19 	0 	0 	0 	0 	0 	0 	0 	1 	0 	2 	0 	0 	2.5106 		 	0.3438
509 	2 	0 	0 	0 	0 	4 	3 	0 	4 	0 	0 	0 	20 	0 	31 	0 	0 	0 	0 	0 	1.6828 		 	1.0000
510 	0 	0 	0 	0 	1 	0 	0 	2 	0 	1 	0 	43 	0 	0 	0 	1 	0 	16 	0 	0 	2.0787 		 	1.0000
511 	6 	0 	0 	1 	0 	1 	1 	15 	2 	0 	1 	0 	0 	1 	4 	15 	7 	10 	0 	0 	0.9551 		 	1.0000
512 	4 	0 	0 	0 	1 	0 	0 	1 	0 	0 	1 	0 	0 	0 	0 	40 	6 	11 	0 	0 	1.8092 		 	1.0000
513 	12 	0 	0 	0 	0 	35 	0 	0 	0 	0 	0 	1 	0 	1 	0 	4 	3 	7 	0 	0 	1.6577 		 	0.9844
514 	6 	0 	11 	0 	0 	1 	0 	15 	1 	15 	1 	0 	0 	0 	0 	7 	1 	6 	0 	0 	1.0672 		 	1.0000
515 	1 	0 	13 	0 	0 	0 	4 	0 	0 	0 	0 	0 	0 	0 	0 	2 	0 	0 	0 	43 	2.0591 		 	0.9844
516 	0 	0 	0 	0 	0 	4 	30 	0 	0 	15 	6 	0 	0 	0 	0 	0 	2 	3 	0 	3 	1.5023 		 	0.9844
517 	5 	0 	0 	1 	0 	0 	0 	0 	0 	11 	1 	2 	0 	1 	0 	3 	11 	29 	0 	0 	1.3858 		 	1.0000
518 	11 	0 	2 	0 	0 	0 	1 	0 	2 	0 	0 	0 	4 	0 	0 	0 	44 	0 	0 	0 	1.9806 		 	1.0000
519 	12 	0 	3 	1 	0 	0 	0 	0 	1 	3 	0 	42 	0 	0 	1 	1 	0 	0 	0 	0 	1.8586 		 	1.0000
520 	1 	0 	0 	0 	0 	0 	0 	1 	0 	1 	0 	0 	0 	0 	0 	0 	0 	0 	0 	0 	1.8971 		 	0.0469
521 	0 	0 	1 	0 	0 	0 	0 	0 	0 	0 	0 	0 	0 	0 	1 	0 	1 	0 	0 	0 	1.8971 		 	0.0469
522 	0 	0 	43 	1 	0 	0 	1 	7 	0 	0 	0 	0 	0 	0 	0 	0 	4 	8 	0 	0 	1.9233 		 	1.0000
523 	0 	0 	0 	0 	0 	0 	1 	0 	0 	0 	0 	0 	0 	0 	0 	0 	0 	0 	0 	0 	2.9957 		 	0.0156
524 	0 	0 	0 	0 	0 	0 	0 	0 	0 	0 	0 	0 	0 	0 	0 	0 	0 	1 	0 	0 	2.9957 		 	0.0156
525 	0 	0 	0 	0 	0 	0 	0 	0 	0 	0 	0 	0 	0 	0 	0 	0 	1 	0 	0 	0 	2.9957 		 	0.0156
526 	1 	0 	2 	0 	0 	0 	0 	0 	0 	0 	0 	13 	3 	0 	1 	1 	0 	1 	0 	0 	1.6332 		 	0.3438
527 	0 	0 	0 	0 	0 	0 	0 	0 	11 	3 	0 	0 	0 	0 	0 	0 	0 	8 	0 	0 	2.0096 		 	0.3438
528 	4 	0 	0 	0 	0 	17 	1 	0 	0 	0 	0 	0 	0 	0 	0 	0 	0 	0 	0 	0 	2.3460 		 	0.3438
529 	0 	0 	0 	0 	0 	0 	0 	11 	0 	1 	4 	0 	1 	0 	4 	1 	0 	0 	0 	0 	1.6077 		 	0.3438
530 	0 	0 	0 	0 	0 	0 	0 	1 	0 	19 	1 	0 	0 	0 	0 	0 	0 	1 	0 	0 	2.4476 		 	0.3438
531 	0 	0 	0 	0 	0 	0 	0 	6 	1 	0 	0 	0 	1 	0 	0 	0 	0 	13 	0 	0 	2.0510 		 	0.3281
532 	0 	44 	0 	0 	0 	0 	0 	0 	0 	0 	0 	0 	0 	0 	0 	0 	20 	0 	0 	0 	2.3746 		 	1.0000
533 	1 	0 	0 	0 	0 	0 	0 	0 	0 	1 	0 	0 	23 	0 	1 	23 	1 	14 	0 	0 	1.6678 		 	1.0000
534 	0 	0 	0 	0 	0 	0 	1 	0 	0 	0 	0 	60 	1 	0 	1 	0 	1 	0 	0 	0 	2.6753 		 	1.0000
535 	4 	0 	3 	0 	1 	1 	0 	0 	1 	0 	0 	5 	20 	0 	1 	28 	0 	0 	0 	0 	1.4947 		 	1.0000
536 	1 	0 	0 	1 	2 	0 	0 	12 	0 	0 	0 	0 	0 	0 	0 	43 	4 	1 	0 	0 	1.9381 		 	1.0000
537 	11 	0 	0 	0 	0 	0 	0 	45 	0 	0 	1 	0 	0 	0 	0 	0 	1 	6 	0 	0 	2.0935 		 	1.0000
538 	2 	0 	0 	5 	0 	0 	0 	1 	0 	0 	0 	0 	0 	0 	0 	14 	9 	33 	0 	0 	1.6734 		 	1.0000
539 	0 	0 	0 	2 	1 	0 	0 	0 	0 	3 	0 	3 	1 	0 	0 	2 	12 	2 	8 	30 	1.3250 		 	1.0000
540 	1 	0 	1 	34 	0 	0 	0 	0 	1 	0 	0 	14 	2 	8 	0 	3 	0 	0 	0 	0 	1.6206 		 	1.0000
541 	31 	0 	11 	2 	0 	0 	0 	0 	0 	8 	0 	0 	0 	1 	0 	0 	7 	0 	0 	0 	1.6426 		 	0.9375
542 	19 	0 	9 	10 	0 	3 	1 	0 	0 	0 	0 	0 	0 	2 	0 	0 	3 	1 	0 	0 	1.3479 		 	0.7500
543 	6 	0 	22 	0 	0 	6 	1 	0 	0 	0 	0 	9 	1 	0 	0 	1 	2 	0 	0 	0 	1.4301 		 	0.7500
544 	16 	0 	11 	0 	3 	4 	1 	3 	0 	6 	10 	0 	0 	0 	0 	3 	1 	6 	0 	0 	0.8790 		 	1.0000
545 	0 	0 	0 	0 	0 	0 	0 	35 	0 	0 	0 	0 	0 	0 	0 	0 	0 	8 	0 	0 	2.5153 		 	0.6719
546 	0 	0 	0 	0 	0 	0 	0 	1 	0 	27 	14 	0 	0 	0 	0 	0 	0 	1 	0 	0 	2.1632 		 	0.6719
547 	0 	0 	0 	0 	0 	0 	42 	0 	0 	0 	0 	0 	0 	0 	0 	1 	0 	0 	0 	0 	2.8853 		 	0.6719
548 	4 	0 	0 	0 	0 	0 	0 	0 	0 	15 	0 	0 	0 	0 	0 	1 	19 	4 	0 	0 	1.7381 		 	0.6719
549 	1 	1 	0 	0 	0 	0 	0 	0 	0 	0 	0 	0 	41 	0 	0 	0 	0 	0 	0 	0 	2.7754 		 	0.6719
550 	0 	0 	0 	0 	0 	42 	0 	0 	0 	0 	0 	0 	0 	0 	0 	0 	0 	0 	0 	0 	2.9957 		 	0.6562
551 	0 	42 	0 	0 	0 	0 	0 	0 	0 	0 	0 	0 	0 	0 	0 	0 	0 	0 	0 	0 	2.9957 		 	0.6562
552 	0 	0 	0 	0 	0 	0 	0 	2 	0 	2 	0 	0 	0 	0 	0 	0 	0 	38 	0 	0 	2.6152 		 	0.6562
553 	0 	0 	0 	0 	0 	0 	0 	0 	0 	0 	0 	0 	42 	0 	0 	0 	0 	0 	0 	0 	2.9957 		 	0.6562
554 	0 	41 	0 	0 	0 	0 	0 	0 	0 	0 	0 	0 	0 	0 	0 	0 	0 	0 	0 	1 	2.8832 		 	0.6562
555 	0 	0 	0 	8 	0 	0 	0 	3 	0 	0 	0 	0 	0 	0 	0 	0 	0 	31 	0 	0 	2.2672 		 	0.6562
556 	0 	0 	0 	1 	0 	0 	2 	0 	7 	1 	0 	3 	0 	2 	25 	1 	0 	0 	0 	0 	1.6429 		 	0.6562
557 	1 	0 	5 	22 	0 	0 	0 	0 	0 	1 	0 	0 	0 	1 	0 	1 	5 	6 	0 	0 	1.5163 		 	0.6562
558 	0 	0 	1 	0 	0 	0 	0 	0 	0 	0 	0 	0 	0 	0 	0 	0 	0 	0 	0 	0 	2.9957 		 	0.0156
559 	0 	0 	2 	0 	0 	30 	0 	0 	0 	0 	0 	10 	0 	0 	0 	1 	0 	0 	0 	0 	2.1752 		 	0.6719
560 	0 	0 	0 	0 	0 	3 	0 	0 	1 	0 	0 	39 	0 	0 	1 	0 	0 	0 	0 	0 	2.5337 		 	0.6875
561 	9 	0 	0 	0 	1 	2 	0 	2 	4 	0 	1 	1 	0 	4 	0 	8 	7 	5 	0 	0 	0.8466 		 	0.6875
562 	0 	0 	0 	0 	0 	0 	0 	0 	0 	3 	0 	0 	0 	0 	0 	39 	2 	0 	0 	0 	2.5652 		 	0.6875
563 	0 	0 	0 	11 	0 	4 	1 	0 	5 	0 	0 	0 	1 	1 	32 	3 	5 	0 	0 	0 	1.4275 		 	0.9844
564 	0 	44 	0 	0 	0 	5 	0 	0 	0 	0 	1 	0 	0 	0 	0 	0 	0 	14 	0 	0 	2.1415 		 	1.0000
565 	0 	0 	0 	0 	5 	0 	0 	0 	0 	13 	1 	2 	0 	0 	0 	0 	1 	0 	42 	0 	1.9581 		 	1.0000
566 	1 	0 	0 	0 	2 	0 	3 	24 	0 	3 	0 	0 	0 	0 	0 	0 	5 	26 	0 	0 	1.6026 		 	1.0000
567 	20 	0 	0 	20 	0 	0 	0 	0 	0 	0 	0 	1 	15 	5 	0 	3 	0 	0 	0 	0 	1.5211 		 	1.0000
568 	3 	1 	0 	0 	0 	1 	0 	3 	0 	16 	9 	0 	0 	0 	0 	0 	0 	30 	0 	1 	1.5363 		 	1.0000
569 	2 	0 	1 	3 	0 	0 	0 	0 	0 	0 	0 	11 	0 	4 	0 	11 	30 	1 	0 	0 	1.4719 		 	0.9844
570 	0 	0 	0 	0 	0 	0 	0 	0 	2 	5 	0 	0 	56 	0 	0 	0 	0 	0 	0 	0 	2.5804 		 	0.9844
571 	0 	0 	0 	0 	0 	0 	0 	0 	0 	0 	0 	8 	0 	0 	0 	0 	35 	0 	0 	0 	2.5153 		 	0.6719
572 	0 	0 	0 	0 	0 	0 	0 	2 	0 	19 	1 	0 	0 	0 	0 	0 	0 	21 	0 	0 	2.0547 		 	0.6719
573 	40 	0 	0 	0 	0 	0 	0 	0 	0 	0 	0 	0 	0 	0 	1 	2 	0 	0 	0 	0 	2.6983 		 	0.6719
574 	15 	0 	0 	0 	0 	0 	0 	3 	0 	0 	0 	1 	0 	0 	0 	0 	9 	15 	0 	0 	1.6604 		 	0.6719
575 	1 	0 	0 	0 	0 	0 	0 	0 	6 	0 	0 	1 	9 	1 	24 	1 	0 	0 	0 	0 	1.7182 		 	0.6719
576 	0 	0 	10 	1 	0 	0 	4 	0 	0 	0 	0 	17 	0 	4 	1 	2 	0 	0 	0 	4 	1.3092 		 	0.6719
577 	10 	0 	0 	0 	1 	8 	0 	1 	0 	1 	0 	1 	7 	0 	4 	4 	2 	3 	0 	1 	0.8405 		 	0.6719
578 	0 	0 	0 	1 	0 	16 	0 	0 	5 	0 	0 	1 	21 	0 	3 	15 	2 	0 	0 	0 	1.3626 		 	1.0000
579 	14 	0 	0 	0 	15 	0 	0 	5 	0 	8 	0 	0 	7 	0 	0 	0 	2 	13 	0 	0 	1.1900 		 	1.0000
580 	1 	0 	0 	0 	0 	0 	0 	0 	0 	8 	0 	0 	28 	0 	0 	0 	3 	2 	0 	0 	1.9871 		 	0.6562
581 	7 	0 	0 	0 	0 	0 	0 	2 	0 	1 	0 	0 	0 	0 	0 	0 	29 	3 	0 	0 	2.0189 		 	0.6562
582 	7 	0 	0 	1 	0 	0 	3 	0 	2 	0 	0 	1 	0 	3 	3 	3 	19 	0 	0 	0 	1.2613 		 	0.6562
583 	1 	0 	0 	2 	0 	12 	0 	0 	0 	1 	0 	2 	1 	8 	0 	6 	9 	0 	0 	0 	1.1569 		 	0.6562
584 	0 	0 	0 	0 	7 	0 	0 	14 	0 	20 	0 	0 	0 	0 	0 	0 	0 	1 	0 	0 	1.8886 		 	0.6562
585 	0 	0 	0 	0 	0 	0 	0 	0 	0 	0 	0 	0 	0 	0 	42 	0 	0 	0 	0 	0 	2.9957 		 	0.6562
586 	2 	0 	0 	0 	0 	0 	0 	0 	1 	0 	0 	1 	0 	1 	26 	4 	7 	0 	0 	0 	1.7643 		 	0.6562
587 	2 	0 	0 	0 	0 	0 	39 	0 	0 	0 	0 	0 	0 	0 	1 	0 	0 	0 	0 	0 	2.6929 		 	0.6562
588 	1 	0 	0 	0 	0 	19 	0 	15 	0 	0 	0 	0 	0 	0 	1 	0 	0 	28 	0 	0 	1.8035 		 	1.0000
589 	0 	0 	62 	0 	0 	0 	0 	0 	0 	0 	0 	2 	0 	0 	0 	0 	0 	0 	0 	0 	2.8567 		 	1.0000
590 	0 	0 	0 	0 	0 	0 	0 	0 	0 	30 	7 	0 	0 	0 	0 	1 	0 	2 	0 	2 	2.0778 		 	0.6562
591 	0 	0 	0 	0 	0 	0 	0 	7 	0 	28 	4 	0 	0 	0 	0 	0 	0 	3 	0 	0 	2.0144 		 	0.6562
592 	5 	0 	0 	0 	0 	0 	0 	0 	0 	0 	0 	0 	0 	0 	0 	0 	0 	37 	0 	0 	2.6307 		 	0.6562
593 	1 	0 	0 	0 	0 	33 	0 	0 	0 	0 	6 	0 	0 	0 	0 	0 	0 	2 	0 	0 	2.2943 		 	0.6562
594 	24 	0 	0 	0 	0 	2 	0 	0 	0 	0 	0 	0 	1 	0 	0 	14 	1 	0 	0 	0 	1.9868 		 	0.6562
595 	40 	0 	0 	0 	0 	1 	0 	0 	0 	0 	0 	0 	1 	0 	0 	0 	0 	0 	0 	0 	2.7713 		 	0.6562
596 	15 	0 	0 	0 	0 	0 	0 	0 	0 	0 	0 	0 	0 	0 	0 	0 	24 	3 	0 	0 	2.1197 		 	0.6562
597 	2 	0 	0 	0 	13 	0 	0 	0 	0 	19 	2 	0 	0 	0 	0 	0 	0 	6 	0 	0 	1.7060 		 	0.6562
598 	0 	42 	0 	0 	0 	0 	0 	0 	0 	0 	0 	0 	0 	0 	0 	0 	0 	0 	0 	0 	2.9957 		 	0.6562
599 	0 	0 	0 	0 	0 	0 	1 	0 	0 	0 	0 	5 	0 	0 	0 	58 	0 	0 	0 	0 	2.6424 		 	1.0000
600 	38 	1 	0 	0 	0 	1 	0 	5 	0 	0 	0 	0 	0 	0 	0 	3 	0 	0 	0 	16 	1.8670 		 	1.0000
601 	0 	0 	0 	0 	1 	0 	0 	20 	0 	26 	17 	0 	0 	0 	0 	0 	0 	0 	0 	0 	1.8492 		 	1.0000
602 	0 	0 	0 	0 	0 	1 	0 	12 	0 	0 	0 	0 	1 	1 	0 	0 	0 	3 	0 	46 	2.1061 		 	1.0000
603 	0 	0 	0 	1 	0 	0 	0 	11 	0 	2 	0 	0 	0 	1 	0 	0 	0 	49 	0 	0 	2.2503 		 	1.0000
604 	0 	0 	0 	1 	0 	61 	0 	0 	0 	0 	0 	0 	1 	0 	0 	0 	0 	0 	0 	1 	2.7550 		 	1.0000
605 	0 	0 	42 	0 	0 	0 	1 	0 	0 	0 	1 	0 	0 	0 	3 	0 	11 	2 	0 	0 	2.0354 		 	0.9375
606 	3 	0 	0 	2 	0 	14 	0 	1 	0 	33 	2 	0 	0 	0 	0 	0 	0 	4 	0 	0 	1.6969 		 	0.9219
607 	0 	41 	12 	2 	1 	0 	0 	0 	1 	0 	0 	0 	1 	0 	0 	0 	0 	1 	0 	0 	2.0277 		 	0.9219
608 	0 	0 	0 	0 	0 	44 	0 	0 	1 	0 	0 	0 	0 	2 	0 	12 	0 	0 	0 	0 	2.2692 		 	0.9219
609 	11 	0 	1 	5 	0 	7 	0 	0 	1 	0 	0 	0 	1 	3 	11 	23 	0 	0 	0 	0 	1.2309 		 	0.9844
610 	0 	0 	0 	0 	0 	0 	0 	9 	0 	22 	0 	0 	0 	0 	0 	0 	0 	30 	0 	0 	1.9966 		 	0.9531
611 	0 	0 	0 	0 	0 	0 	0 	0 	3 	0 	0 	2 	0 	0 	0 	2 	12 	0 	0 	1 	1.7944 		 	0.3125
612 	0 	0 	0 	0 	0 	0 	6 	0 	0 	1 	0 	0 	0 	2 	0 	0 	0 	0 	0 	11 	1.9257 		 	0.3125
613 	0 	0 	0 	0 	0 	0 	3 	0 	0 	0 	0 	1 	0 	15 	0 	0 	0 	0 	0 	1 	2.1958 		 	0.3125
614 	0 	0 	0 	0 	0 	0 	0 	0 	0 	0 	0 	0 	0 	0 	0 	0 	0 	0 	20 	0 	2.9957 		 	0.3125
615 	0 	0 	0 	0 	6 	0 	14 	0 	0 	0 	0 	0 	0 	0 	0 	0 	0 	0 	0 	0 	2.3849 		 	0.3125
616 	0 	0 	0 	0 	0 	0 	0 	0 	14 	0 	0 	1 	0 	4 	1 	0 	0 	0 	0 	0 	2.1246 		 	0.3125
617 	0 	0 	0 	11 	0 	0 	0 	0 	4 	1 	0 	0 	0 	0 	0 	3 	1 	0 	0 	0 	1.7609 		 	0.3125
618 	0 	0 	1 	0 	0 	19 	0 	0 	0 	0 	0 	0 	0 	0 	0 	0 	0 	0 	0 	0 	2.7972 		 	0.3125
619 	0 	0 	0 	0 	32 	0 	0 	0 	0 	0 	8 	0 	0 	0 	0 	21 	0 	0 	0 	0 	2.0238 		 	0.9531
620 	0 	0 	0 	0 	0 	0 	0 	5 	1 	37 	0 	0 	0 	0 	0 	17 	2 	0 	0 	0 	1.9525 		 	0.9688
621 	9 	0 	0 	0 	0 	0 	0 	20 	0 	1 	0 	0 	0 	0 	0 	0 	0 	32 	0 	0 	1.9427 		 	0.9688
622 	6 	0 	1 	0 	0 	43 	0 	0 	0 	0 	0 	0 	0 	0 	0 	12 	0 	0 	0 	0 	2.1315 		 	0.9688
623 	0 	0 	0 	0 	0 	0 	0 	0 	14 	0 	0 	0 	0 	44 	4 	0 	0 	0 	0 	0 	2.2395 		 	0.9688
624 	10 	0 	0 	1 	0 	1 	0 	1 	0 	37 	7 	0 	0 	0 	0 	0 	0 	5 	0 	0 	1.7444 		 	0.9688
625 	1 	0 	0 	0 	56 	0 	0 	2 	0 	1 	0 	0 	0 	0 	0 	0 	1 	1 	0 	0 	2.5268 		 	0.9688
626 	1 	0 	0 	3 	0 	0 	0 	6 	0 	0 	1 	0 	0 	3 	0 	3 	43 	1 	0 	0 	1.8745 		 	0.9531
627 	2 	0 	0 	0 	30 	0 	0 	2 	3 	1 	0 	0 	0 	11 	0 	0 	3 	6 	1 	2 	1.3425 		 	0.9531
628 	0 	0 	0 	0 	0 	0 	0 	0 	1 	0 	0 	1 	0 	2 	8 	30 	19 	0 	0 	0 	1.7701 		 	0.9531
629 	0 	0 	0 	0 	0 	0 	1 	0 	0 	2 	12 	0 	41 	0 	4 	0 	0 	1 	0 	0 	1.9833 		 	0.9531
630 	0 	0 	0 	2 	0 	0 	0 	0 	16 	0 	0 	0 	0 	6 	37 	0 	0 	0 	0 	0 	2.0013 		 	0.9531
631 	0 	0 	0 	0 	0 	19 	7 	2 	0 	0 	0 	0 	0 	4 	28 	0 	0 	0 	0 	1 	1.6684 		 	0.9531
632 	13 	0 	0 	0 	0 	0 	37 	3 	0 	1 	0 	0 	0 	0 	0 	0 	0 	2 	0 	5 	1.8304 		 	0.9531
633 	0 	0 	1 	24 	0 	0 	1 	0 	3 	0 	0 	4 	0 	5 	1 	0 	3 	1 	18 	0 	1.3190 		 	0.9531
634 	0 	0 	0 	0 	8 	0 	0 	1 	0 	0 	0 	0 	0 	0 	19 	0 	30 	3 	0 	0 	1.8014 		 	0.9531
635 	0 	0 	0 	0 	0 	0 	0 	1 	0 	2 	0 	0 	0 	0 	0 	0 	16 	23 	0 	0 	2.0644 		 	0.6562
636 	0 	0 	0 	0 	0 	0 	0 	0 	0 	0 	0 	0 	0 	42 	0 	0 	0 	0 	0 	0 	2.9957 		 	0.6562
637 	0 	0 	25 	8 	0 	6 	0 	0 	0 	0 	0 	0 	0 	0 	0 	0 	3 	0 	0 	0 	1.9046 		 	0.6562
638 	0 	42 	0 	0 	0 	0 	0 	0 	0 	0 	0 	0 	0 	0 	0 	0 	0 	0 	0 	0 	2.9957 		 	0.6562
639 	0 	0 	0 	0 	0 	0 	0 	0 	0 	0 	0 	42 	0 	0 	0 	0 	0 	0 	0 	0 	2.9957 		 	0.6562
640 	0 	42 	0 	0 	0 	0 	0 	0 	0 	0 	0 	0 	0 	0 	0 	0 	0 	0 	0 	0 	2.9957 		 	0.6562
641 	0 	0 	0 	0 	0 	0 	0 	0 	0 	0 	0 	0 	0 	0 	0 	42 	0 	0 	0 	0 	2.9957 		 	0.6562
642 	0 	0 	0 	0 	0 	0 	0 	38 	0 	3 	0 	0 	0 	0 	0 	0 	0 	1 	0 	0 	2.6277 		 	0.6562
643 	0 	0 	0 	0 	0 	0 	0 	0 	0 	0 	0 	0 	0 	0 	0 	0 	0 	0 	0 	41 	2.9957 		 	0.6406
644 	1 	0 	0 	0 	0 	0 	0 	0 	0 	0 	0 	0 	28 	3 	0 	2 	6 	1 	0 	0 	1.9342 		 	0.6406
645 	0 	0 	0 	0 	0 	41 	0 	0 	0 	0 	0 	0 	0 	0 	0 	0 	0 	0 	0 	0 	2.9957 		 	0.6406
646 	1 	0 	0 	0 	0 	0 	37 	0 	1 	17 	2 	0 	0 	1 	0 	0 	2 	0 	0 	0 	1.9101 		 	0.9531
647 	16 	0 	0 	0 	0 	0 	0 	20 	0 	4 	0 	0 	0 	0 	0 	1 	3 	17 	0 	0 	1.5288 		 	0.9531
648 	4 	0 	0 	0 	0 	0 	0 	1 	0 	0 	0 	0 	0 	0 	0 	11 	30 	16 	0 	0 	1.7447 		 	0.9688
649 	0 	0 	0 	0 	0 	41 	0 	1 	0 	7 	11 	0 	0 	0 	0 	0 	0 	3 	0 	0 	1.9566 		 	0.9844
650 	0 	0 	0 	0 	0 	19 	39 	0 	0 	0 	0 	0 	0 	2 	0 	1 	1 	0 	0 	0 	2.0978 		 	0.9688
651 	0 	0 	16 	4 	0 	0 	0 	0 	2 	0 	0 	0 	0 	0 	40 	0 	0 	0 	0 	0 	2.0758 		 	0.9688
652 	10 	0 	0 	0 	0 	0 	5 	0 	0 	0 	41 	0 	0 	0 	0 	0 	6 	0 	0 	0 	1.9989 		 	0.9688
653 	60 	0 	0 	0 	0 	0 	1 	0 	0 	0 	0 	0 	0 	0 	0 	1 	0 	0 	0 	0 	2.8309 		 	0.9688
654 	0 	0 	0 	0 	0 	1 	0 	0 	0 	0 	0 	0 	0 	0 	0 	0 	1 	0 	61 	0 	2.8330 		 	0.9844
655 	0 	0 	60 	0 	0 	1 	0 	0 	0 	0 	0 	2 	0 	0 	0 	0 	0 	0 	0 	0 	2.7740 		 	0.9844
656 	1 	0 	0 	0 	19 	0 	0 	0 	0 	0 	41 	0 	0 	0 	0 	0 	0 	0 	1 	1 	2.1574 		 	0.9844
657 	0 	0 	0 	0 	0 	0 	0 	0 	0 	1 	41 	0 	0 	0 	0 	0 	0 	0 	0 	0 	2.8832 		 	0.6562
658 	0 	0 	0 	0 	0 	0 	0 	0 	0 	5 	37 	0 	0 	0 	0 	0 	0 	0 	0 	0 	2.6307 		 	0.6562
659 	1 	0 	0 	0 	0 	9 	0 	0 	1 	0 	0 	38 	0 	0 	0 	13 	0 	0 	0 	0 	1.9549 		 	0.9688
660 	0 	0 	0 	0 	0 	0 	0 	0 	0 	0 	0 	0 	0 	0 	0 	0 	0 	0 	41 	0 	2.9957 		 	0.6406
661 	0 	0 	0 	0 	0 	0 	0 	0 	0 	0 	0 	0 	0 	0 	0 	41 	0 	0 	0 	0 	2.9957 		 	0.6406
662 	0 	0 	0 	0 	0 	0 	0 	0 	0 	2 	0 	0 	41 	0 	0 	19 	0 	0 	0 	0 	2.2490 		 	0.9688
663 	17 	0 	0 	0 	1 	0 	0 	0 	0 	1 	0 	0 	0 	0 	0 	0 	39 	4 	0 	0 	2.0394 		 	0.9688
664 	12 	0 	0 	0 	0 	23 	0 	1 	0 	3 	1 	0 	0 	0 	0 	0 	18 	4 	0 	0 	1.4945 		 	0.9688
665 	21 	0 	0 	0 	0 	24 	0 	0 	0 	0 	0 	0 	0 	0 	0 	1 	16 	0 	0 	0 	1.8455 		 	0.9688
666 	1 	0 	0 	0 	17 	0 	0 	0 	0 	29 	10 	0 	0 	0 	0 	0 	0 	5 	0 	1 	1.6604 		 	0.9844
667 	1 	0 	0 	0 	15 	0 	0 	9 	0 	6 	0 	0 	0 	0 	0 	1 	0 	30 	0 	1 	1.6015 		 	0.9844
668 	0 	0 	0 	2 	0 	1 	0 	1 	0 	12 	7 	1 	0 	0 	0 	4 	15 	20 	0 	0 	1.2479 		 	0.9844
669 	22 	0 	0 	0 	1 	0 	0 	0 	0 	1 	0 	0 	1 	0 	0 	38 	0 	0 	0 	0 	2.1261 		 	0.9844
670 	0 	0 	0 	0 	0 	0 	3 	6 	0 	2 	0 	0 	0 	23 	0 	6 	0 	14 	0 	9 	1.3133 		 	0.9844
671 	7 	0 	0 	0 	1 	19 	0 	4 	0 	24 	0 	0 	0 	0 	0 	0 	0 	8 	0 	0 	1.5196 		 	0.9844
672 	3 	0 	0 	0 	0 	0 	0 	0 	0 	30 	7 	0 	0 	0 	0 	0 	0 	1 	0 	0 	2.1835 		 	0.6406
673 	0 	0 	0 	0 	0 	0 	0 	0 	0 	0 	0 	0 	0 	0 	41 	0 	0 	0 	0 	0 	2.9957 		 	0.6406
674 	1 	0 	0 	0 	0 	0 	0 	24 	0 	4 	0 	0 	0 	0 	0 	0 	0 	12 	0 	0 	2.0050 		 	0.6406
675 	0 	0 	0 	0 	0 	0 	0 	0 	0 	0 	0 	0 	41 	0 	0 	0 	0 	0 	0 	0 	2.9957 		 	0.6406
676 	0 	0 	0 	11 	0 	0 	0 	0 	19 	1 	0 	0 	0 	29 	1 	0 	1 	1 	0 	0 	1.7093 		 	0.9844
677 	25 	0 	0 	0 	0 	13 	0 	3 	0 	5 	0 	0 	0 	0 	1 	0 	6 	10 	0 	0 	1.3754 		 	0.9844
678 	0 	3 	0 	0 	1 	0 	0 	26 	0 	10 	1 	0 	0 	0 	0 	1 	0 	21 	0 	0 	1.6299 		 	0.9844
679 	2 	0 	0 	0 	5 	0 	19 	6 	0 	14 	3 	0 	0 	0 	0 	1 	0 	13 	0 	0 	1.2290 		 	0.9844
680 	1 	0 	33 	7 	0 	0 	0 	0 	0 	0 	1 	0 	0 	4 	0 	2 	14 	1 	0 	0 	1.5968 		 	0.9844
681 	0 	0 	0 	0 	0 	0 	0 	15 	0 	6 	18 	0 	0 	0 	0 	0 	0 	24 	0 	0 	1.7045 		 	0.9844
682 	1 	0 	0 	0 	18 	0 	0 	19 	0 	6 	2 	0 	0 	0 	0 	0 	0 	16 	0 	0 	1.5213 		 	0.9688
683 	23 	0 	0 	0 	5 	23 	0 	1 	0 	1 	0 	0 	0 	0 	0 	3 	5 	1 	0 	0 	1.5077 		 	0.9688
684 	2 	0 	0 	1 	0 	47 	0 	0 	0 	0 	0 	0 	0 	0 	1 	11 	0 	0 	0 	0 	2.2351 		 	0.9688
685 	47 	0 	0 	0 	0 	12 	0 	1 	0 	0 	0 	0 	0 	0 	1 	0 	0 	0 	0 	0 	2.3402 		 	0.9531
686 	0 	0 	0 	0 	18 	0 	41 	0 	0 	0 	0 	0 	0 	0 	1 	0 	0 	0 	0 	1 	2.2338 		 	0.9531
687 	0 	0 	0 	0 	0 	1 	0 	0 	1 	0 	0 	5 	0 	11 	2 	0 	0 	0 	41 	0 	1.9679 		 	0.9531
688 	1 	0 	0 	0 	0 	52 	0 	0 	0 	0 	0 	0 	1 	0 	0 	6 	1 	0 	0 	0 	2.4294 		 	0.9531
689 	1 	0 	0 	0 	0 	0 	0 	7 	0 	15 	0 	0 	0 	0 	0 	0 	0 	39 	0 	0 	2.0480 		 	0.9688
690 	0 	2 	0 	0 	19 	0 	0 	3 	0 	28 	7 	0 	0 	0 	0 	0 	0 	3 	0 	0 	1.6242 		 	0.9688
691 	24 	0 	0 	0 	9 	21 	0 	1 	0 	3 	0 	0 	1 	0 	0 	1 	0 	1 	0 	0 	1.5616 		 	0.9531
692 	8 	0 	0 	0 	0 	53 	0 	0 	0 	0 	0 	0 	0 	0 	0 	0 	0 	0 	0 	0 	2.6072 		 	0.9531
693 	2 	0 	0 	0 	0 	0 	0 	8 	0 	36 	4 	0 	1 	0 	0 	0 	0 	9 	0 	1 	1.7102 		 	0.9531
694 	37 	0 	0 	0 	0 	4 	0 	0 	1 	4 	0 	5 	0 	0 	0 	10 	0 	0 	0 	0 	1.7663 		 	0.9531
695 	0 	0 	0 	0 	4 	0 	0 	0 	0 	0 	0 	0 	0 	0 	0 	0 	0 	0 	16 	41 	2.1990 		 	0.9531
696 	0 	0 	0 	0 	23 	0 	0 	15 	0 	4 	0 	0 	0 	0 	0 	0 	0 	0 	0 	19 	1.7410 		 	0.9531
697 	2 	0 	0 	0 	0 	3 	0 	0 	0 	0 	1 	0 	5 	0 	0 	37 	13 	0 	0 	0 	1.8304 		 	0.9531
698 	0 	0 	0 	0 	0 	0 	0 	0 	14 	0 	38 	0 	0 	3 	2 	3 	1 	0 	0 	0 	1.8874 		 	0.9531
699 	5 	0 	0 	0 	0 	3 	0 	4 	0 	1 	1 	0 	0 	13 	0 	1 	1 	32 	0 	0 	1.5264 		 	0.9531
700 	7 	0 	0 	0 	0 	34 	0 	11 	0 	8 	0 	0 	0 	0 	1 	0 	0 	0 	0 	0 	1.7788 		 	0.9531
701 	0 	0 	0 	0 	0 	0 	0 	0 	0 	0 	0 	0 	1 	0 	0 	0 	0 	0 	0 	0 	2.9957 		 	0.0156
702 	0 	0 	1 	0 	0 	0 	0 	0 	0 	0 	0 	0 	0 	0 	0 	0 	0 	0 	0 	0 	2.9957 		 	0.0156
703 	0 	0 	0 	0 	0 	1 	0 	0 	0 	0 	0 	0 	0 	0 	0 	0 	0 	0 	0 	0 	2.9957 		 	0.0156
704 	0 	0 	0 	0 	1 	0 	0 	0 	0 	0 	0 	0 	0 	0 	0 	0 	0 	0 	0 	0 	2.9957 		 	0.0156
705 	0 	0 	0 	0 	0 	0 	0 	1 	0 	0 	0 	0 	0 	0 	0 	0 	0 	0 	0 	0 	2.9957 		 	0.0156
706 	0 	0 	0 	0 	0 	0 	1 	0 	0 	0 	0 	0 	0 	0 	0 	0 	0 	0 	0 	0 	2.9957 		 	0.0156
707 	0 	0 	0 	0 	0 	0 	0 	0 	0 	0 	0 	0 	0 	0 	0 	0 	0 	1 	0 	0 	2.9957 		 	0.0156
708 	0 	0 	0 	0 	0 	0 	0 	0 	0 	0 	0 	0 	0 	1 	0 	0 	0 	0 	0 	0 	2.9957 		 	0.0156
709 	0 	0 	0 	0 	0 	1 	0 	0 	0 	0 	0 	0 	0 	0 	0 	0 	0 	0 	0 	0 	2.9957 		 	0.0156
710 	0 	0 	0 	0 	0 	0 	1 	0 	0 	0 	0 	0 	0 	0 	0 	0 	0 	0 	0 	0 	2.9957 		 	0.0156
711 	0 	0 	0 	0 	0 	0 	0 	0 	0 	1 	0 	0 	0 	0 	0 	0 	0 	0 	0 	0 	2.9957 		 	0.0156
712 	0 	0 	0 	0 	0 	0 	0 	0 	0 	0 	0 	0 	0 	1 	0 	0 	0 	0 	0 	0 	2.9957 		 	0.0156
713 	0 	0 	0 	1 	0 	0 	0 	0 	0 	0 	0 	0 	0 	0 	0 	0 	0 	0 	0 	0 	2.9957 		 	0.0156
714 	0 	0 	0 	0 	0 	0 	0 	0 	0 	0 	0 	0 	0 	0 	0 	0 	0 	1 	0 	0 	2.9957 		 	0.0156
715 	0 	0 	1 	0 	0 	0 	0 	0 	0 	0 	0 	0 	0 	0 	0 	0 	0 	0 	0 	0 	2.9957 		 	0.0156
716 	1 	0 	0 	0 	0 	0 	0 	0 	0 	0 	0 	0 	0 	0 	0 	0 	0 	0 	0 	0 	2.9957 		 	0.0156
717 	0 	0 	0 	0 	0 	1 	0 	0 	0 	0 	0 	0 	0 	0 	0 	0 	0 	0 	0 	0 	2.9957 		 	0.0156
718 	0 	0 	0 	0 	0 	0 	0 	0 	0 	0 	0 	1 	0 	0 	0 	0 	0 	0 	0 	0 	2.9957 		 	0.0156
719 	0 	0 	0 	0 	1 	0 	0 	0 	0 	0 	0 	0 	0 	0 	0 	0 	0 	0 	0 	0 	2.9957 		 	0.0156
720 	0 	0 	0 	0 	0 	0 	0 	1 	0 	0 	0 	0 	0 	0 	0 	0 	0 	0 	0 	0 	2.9957 		 	0.0156
721 	0 	0 	0 	0 	0 	0 	0 	0 	0 	0 	0 	0 	1 	0 	0 	0 	0 	0 	0 	0 	2.9957 		 	0.0156
722 	0 	0 	0 	0 	0 	0 	0 	0 	0 	0 	0 	0 	1 	0 	0 	0 	0 	0 	0 	0 	2.9957 		 	0.0156
723 	0 	0 	0 	0 	0 	0 	0 	0 	0 	0 	0 	0 	1 	0 	0 	0 	0 	0 	0 	0 	2.9957 		 	0.0156
724 	0 	0 	0 	0 	0 	0 	0 	0 	0 	0 	0 	0 	0 	0 	1 	0 	0 	0 	0 	0 	2.9957 		 	0.0156
725 	0 	0 	0 	0 	0 	0 	0 	0 	0 	0 	0 	0 	0 	0 	0 	0 	0 	0 	1 	0 	2.9957 		 	0.0156
726 	0 	0 	0 	0 	0 	0 	0 	0 	0 	1 	0 	0 	0 	0 	0 	0 	0 	0 	0 	0 	2.9957 		 	0.0156
727 	0 	0 	0 	0 	0 	0 	0 	0 	0 	1 	0 	0 	0 	0 	0 	0 	0 	0 	0 	0 	2.9957 		 	0.0156
728 	0 	0 	0 	0 	0 	0 	0 	0 	0 	1 	0 	0 	0 	0 	0 	0 	0 	0 	0 	0 	2.9957 		 	0.0156
729 	0 	0 	1 	0 	0 	0 	0 	0 	0 	0 	0 	0 	0 	0 	0 	0 	0 	0 	0 	0 	2.9957 		 	0.0156
730 	0 	0 	0 	0 	1 	0 	0 	0 	0 	0 	0 	0 	0 	0 	0 	0 	0 	0 	0 	0 	2.9957 		 	0.0156
731 	0 	0 	0 	0 	0 	0 	0 	0 	0 	0 	0 	0 	0 	0 	0 	0 	0 	1 	0 	0 	2.9957 		 	0.0156
732 	0 	0 	0 	0 	1 	0 	0 	0 	0 	0 	0 	0 	0 	0 	0 	0 	0 	0 	0 	0 	2.9957 		 	0.0156
733 	0 	0 	0 	0 	0 	0 	0 	0 	0 	0 	0 	0 	0 	0 	0 	0 	0 	1 	0 	0 	2.9957 		 	0.0156
734 	0 	0 	0 	0 	0 	0 	0 	0 	0 	1 	0 	0 	0 	0 	0 	0 	0 	0 	0 	0 	2.9957 		 	0.0156
735 	0 	0 	0 	0 	0 	0 	0 	0 	0 	1 	0 	0 	0 	0 	0 	0 	0 	0 	0 	0 	2.9957 		 	0.0156
736 	0 	0 	0 	0 	0 	0 	0 	0 	0 	0 	0 	0 	0 	0 	0 	0 	0 	0 	0 	1 	2.9957 		 	0.0156
737 	0 	0 	0 	0 	0 	0 	0 	0 	0 	1 	0 	0 	0 	0 	0 	0 	0 	0 	0 	0 	2.9957 		 	0.0156
738 	0 	0 	0 	0 	0 	0 	0 	0 	0 	0 	1 	0 	0 	0 	0 	0 	0 	0 	0 	0 	2.9957 		 	0.0156
739 	0 	0 	0 	0 	0 	0 	0 	0 	1 	0 	0 	0 	0 	0 	0 	0 	0 	0 	0 	0 	2.9957 		 	0.0156
740 	0 	0 	0 	0 	0 	0 	0 	0 	0 	1 	0 	0 	0 	0 	0 	0 	0 	0 	0 	0 	2.9957 		 	0.0156
741 	1 	0 	0 	0 	0 	0 	0 	0 	0 	0 	0 	0 	0 	0 	0 	0 	0 	0 	0 	0 	2.9957 		 	0.0156
742 	0 	0 	0 	1 	0 	0 	0 	0 	0 	0 	0 	0 	0 	0 	0 	0 	0 	0 	0 	0 	2.9957 		 	0.0156
743 	1 	0 	0 	0 	0 	0 	0 	0 	0 	0 	0 	0 	0 	0 	0 	0 	0 	0 	0 	0 	2.9957 		 	0.0156
744 	0 	0 	0 	0 	0 	0 	0 	0 	0 	0 	0 	0 	0 	0 	1 	0 	0 	0 	0 	0 	2.9957 		 	0.0156
745 	0 	0 	0 	0 	0 	0 	0 	0 	0 	1 	0 	0 	0 	0 	0 	0 	0 	0 	0 	0 	2.9957 		 	0.0156
746 	0 	0 	0 	0 	0 	0 	0 	0 	0 	0 	0 	0 	0 	0 	0 	0 	0 	1 	0 	0 	2.9957 		 	0.0156
747 	0 	0 	0 	0 	0 	0 	0 	0 	0 	0 	0 	0 	1 	0 	0 	0 	0 	0 	0 	0 	2.9957 		 	0.0156
748 	0 	0 	0 	0 	0 	0 	0 	3 	0 	6 	11 	0 	0 	0 	0 	0 	0 	0 	0 	0 	2.0212 		 	0.3125
749 	0 	0 	0 	0 	0 	19 	0 	1 	0 	0 	0 	0 	0 	0 	0 	0 	0 	0 	0 	0 	2.7972 		 	0.3125
750 	13 	0 	0 	0 	0 	0 	0 	2 	0 	1 	0 	0 	0 	0 	0 	0 	1 	3 	0 	0 	1.9013 		 	0.3125
751 	2 	0 	0 	0 	0 	0 	0 	1 	0 	4 	0 	0 	0 	0 	0 	2 	0 	11 	0 	1 	1.6033 		 	0.3281
752 	0 	0 	0 	0 	0 	0 	0 	1 	0 	19 	0 	0 	0 	0 	0 	0 	0 	1 	0 	0 	2.6152 		 	0.3281
753 	3 	0 	0 	0 	0 	0 	0 	11 	0 	4 	0 	0 	0 	0 	0 	1 	1 	2 	0 	0 	1.5685 		 	0.3438
754 	0 	0 	0 	0 	0 	0 	0 	0 	0 	0 	0 	0 	0 	0 	0 	1 	0 	0 	21 	0 	2.8108 		 	0.3438
755 	0 	0 	0 	0 	0 	0 	0 	1 	0 	6 	3 	0 	0 	0 	0 	0 	0 	11 	1 	0 	1.7421 		 	0.3438
756 	0 	0 	0 	0 	0 	19 	0 	1 	0 	1 	0 	0 	0 	0 	0 	0 	0 	0 	1 	0 	2.4476 		 	0.3438
757 	0 	0 	0 	0 	2 	0 	0 	12 	0 	5 	1 	0 	0 	0 	0 	0 	0 	2 	0 	0 	1.7519 		 	0.3438
758 	0 	0 	0 	0 	0 	0 	0 	0 	0 	0 	0 	21 	0 	0 	0 	0 	1 	0 	0 	0 	2.8108 		 	0.3438
759 	3 	0 	0 	0 	0 	0 	0 	0 	0 	0 	3 	0 	0 	1 	0 	1 	13 	0 	0 	1 	1.7200 		 	0.3438
760 	0 	0 	0 	0 	0 	0 	0 	1 	1 	0 	0 	0 	0 	0 	19 	0 	0 	0 	0 	0 	2.6152 		 	0.3281
761 	0 	0 	2 	0 	0 	0 	0 	1 	0 	0 	0 	16 	0 	0 	1 	1 	0 	0 	0 	0 	2.1297 		 	0.3281
762 	0 	0 	0 	0 	0 	1 	0 	0 	0 	0 	11 	0 	4 	0 	2 	0 	1 	0 	0 	0 	1.8044 		 	0.2969
763 	0 	0 	0 	0 	0 	0 	0 	0 	0 	0 	0 	0 	0 	0 	0 	4 	15 	0 	0 	0 	2.4811 		 	0.2969
764 	0 	0 	0 	0 	0 	0 	0 	3 	0 	1 	15 	0 	0 	0 	0 	0 	0 	0 	0 	0 	2.3627 		 	0.2969
765 	2 	0 	0 	0 	0 	0 	0 	0 	0 	1 	0 	0 	0 	0 	0 	17 	0 	0 	0 	0 	2.4775 		 	0.3125
766 	0 	0 	0 	0 	0 	0 	0 	0 	0 	2 	16 	0 	0 	0 	0 	0 	1 	1 	0 	0 	2.2874 		 	0.3125
767 	0 	0 	0 	1 	0 	0 	0 	0 	0 	0 	0 	0 	0 	0 	0 	15 	4 	0 	0 	0 	2.3083 		 	0.3125
768 	8 	1 	0 	0 	6 	0 	0 	0 	0 	1 	11 	33 	0 	1 	0 	0 	0 	0 	0 	0 	1.6578 		 	0.9531
769 	0 	0 	0 	0 	0 	0 	0 	11 	0 	8 	0 	0 	0 	0 	0 	0 	0 	1 	41 	0 	2.0860 		 	0.9531
770 	43 	0 	0 	0 	0 	0 	0 	0 	0 	18 	0 	0 	0 	0 	0 	0 	0 	0 	0 	0 	2.3891 		 	0.9531
771 	4 	0 	0 	0 	0 	0 	0 	0 	41 	1 	0 	0 	0 	0 	0 	0 	0 	15 	0 	0 	2.1377 		 	0.9531
772 	0 	0 	0 	0 	0 	20 	0 	0 	0 	0 	0 	0 	0 	0 	0 	0 	0 	41 	0 	0 	2.3631 		 	0.9531
773 	3 	0 	0 	0 	2 	6 	0 	9 	0 	21 	0 	0 	0 	0 	0 	0 	0 	19 	0 	0 	1.4862 		 	0.9375
774 	9 	1 	0 	0 	0 	0 	0 	25 	0 	8 	0 	0 	0 	0 	0 	0 	0 	17 	0 	0 	1.6522 		 	0.9375
775 	0 	0 	0 	0 	0 	0 	0 	11 	0 	2 	12 	0 	0 	0 	0 	0 	2 	33 	0 	0 	1.8073 		 	0.9375
776 	1 	0 	0 	0 	0 	0 	0 	1 	0 	36 	22 	0 	0 	0 	0 	0 	0 	0 	0 	0 	2.1849 		 	0.9375
777 	1 	1 	0 	0 	22 	0 	0 	1 	0 	29 	1 	0 	0 	0 	0 	0 	2 	2 	0 	1 	1.7085 		 	0.9375
778 	0 	0 	0 	0 	0 	0 	0 	0 	0 	53 	7 	0 	0 	0 	0 	0 	0 	0 	0 	0 	2.6355 		 	0.9375
779 	3 	0 	0 	0 	33 	1 	0 	0 	0 	0 	0 	0 	0 	0 	0 	14 	6 	3 	0 	0 	1.7293 		 	0.9375
780 	37 	0 	0 	0 	0 	0 	0 	0 	0 	14 	1 	0 	0 	0 	0 	4 	1 	3 	0 	0 	1.8913 		 	0.9375
781 	1 	0 	0 	0 	0 	56 	0 	0 	0 	0 	1 	2 	0 	0 	0 	0 	0 	0 	0 	0 	2.6815 		 	0.9375
782 	1 	0 	0 	0 	0 	0 	0 	0 	0 	0 	0 	0 	0 	0 	0 	0 	0 	59 	0 	0 	2.9110 		 	0.9375
783 	0 	0 	37 	4 	0 	15 	2 	0 	0 	0 	0 	0 	0 	1 	0 	1 	0 	0 	0 	0 	1.9207 		 	0.9375
784 	49 	0 	0 	0 	0 	11 	0 	0 	0 	0 	0 	0 	0 	0 	0 	0 	0 	0 	0 	0 	2.5193 		 	0.9375
# End LogoData
