## LogoData
# First column is position number, counting from zero
# Subsequent columns are raw symbol counts
# Entropy is mean entropy measured in nats.
# Low and High are the 95% confidence limits.
# Weight is the fraction of non-gap symbols in the column.
#	
#	A 	C 	D 	E 	F 	G 	H 	I 	K 	L 	M 	N 	P 	Q 	R 	S 	T 	V 	W 	Y 	Entropy	Low	High	Weight
1 	0 	0 	0 	0 	0 	0 	0 	0 	0 	0 	1 	0 	0 	0 	0 	0 	0 	0 	0 	0 	2.9957 		 	0.0455
2 	0 	0 	0 	0 	0 	1 	0 	0 	0 	0 	0 	0 	0 	0 	0 	0 	0 	0 	0 	0 	2.9957 		 	0.0455
3 	0 	0 	0 	0 	0 	0 	0 	0 	0 	0 	0 	0 	1 	0 	0 	0 	0 	0 	0 	0 	2.9957 		 	0.0455
4 	0 	0 	0 	0 	0 	1 	0 	0 	0 	0 	0 	0 	0 	0 	0 	0 	0 	0 	0 	0 	2.9957 		 	0.0455
5 	0 	0 	0 	0 	0 	0 	0 	0 	0 	1 	0 	0 	0 	0 	0 	0 	0 	0 	0 	0 	2.9957 		 	0.0455
6 	0 	0 	0 	0 	0 	0 	0 	0 	0 	0 	0 	0 	0 	0 	0 	0 	0 	0 	1 	0 	2.9957 		 	0.0455
7 	0 	0 	0 	0 	0 	0 	0 	0 	0 	0 	0 	0 	0 	0 	0 	0 	0 	1 	0 	0 	2.9957 		 	0.0455
8 	0 	0 	0 	0 	0 	0 	0 	0 	0 	0 	0 	0 	0 	0 	0 	0 	0 	1 	0 	0 	2.9957 		 	0.0455
9 	0 	0 	0 	0 	0 	0 	0 	0 	0 	0 	1 	0 	0 	0 	0 	0 	0 	0 	0 	0 	2.9957 		 	0.0455
10 	0 	0 	0 	0 	0 	1 	0 	0 	0 	0 	0 	0 	0 	0 	0 	0 	0 	0 	0 	0 	2.9957 		 	0.0455
11 	0 	0 	0 	0 	0 	0 	0 	0 	0 	0 	0 	0 	0 	0 	0 	0 	0 	1 	0 	0 	2.9957 		 	0.0455
12 	0 	0 	0 	0 	0 	0 	0 	0 	0 	1 	0 	0 	0 	0 	2 	0 	0 	0 	0 	0 	2.3592 		 	0.1364
13 	0 	0 	0 	0 	0 	0 	0 	0 	0 	0 	0 	0 	0 	0 	0 	0 	0 	1 	0 	2 	2.3592 		 	0.1364
14 	0 	0 	0 	0 	0 	1 	0 	0 	0 	0 	0 	0 	0 	0 	0 	0 	0 	0 	0 	0 	2.9957 		 	0.0455
15 	0 	0 	0 	0 	0 	0 	0 	0 	0 	0 	0 	0 	0 	0 	0 	0 	0 	1 	0 	0 	2.9957 		 	0.0455
16 	1 	0 	0 	0 	0 	0 	0 	0 	0 	0 	0 	0 	0 	0 	0 	0 	0 	0 	0 	0 	2.9957 		 	0.0455
17 	0 	0 	0 	0 	0 	1 	0 	0 	0 	0 	0 	0 	0 	0 	0 	0 	0 	0 	0 	0 	2.9957 		 	0.0455
18 	0 	0 	0 	0 	0 	3 	0 	0 	0 	0 	0 	0 	0 	0 	0 	0 	0 	0 	0 	0 	2.9957 		 	0.1364
19 	0 	0 	0 	0 	0 	0 	2 	0 	0 	0 	0 	0 	0 	3 	0 	0 	0 	0 	0 	0 	2.3227 		 	0.2273
20 	2 	0 	2 	0 	0 	0 	0 	0 	0 	0 	0 	0 	0 	0 	0 	0 	0 	3 	0 	0 	1.9167 		 	0.3182
21 	0 	0 	1 	1 	0 	0 	3 	0 	0 	0 	0 	0 	0 	0 	0 	0 	2 	0 	0 	0 	1.7187 		 	0.3182
22 	2 	0 	3 	0 	0 	0 	0 	0 	0 	0 	0 	0 	0 	0 	0 	0 	0 	0 	0 	2 	1.9167 		 	0.3182
23 	1 	0 	0 	0 	0 	0 	0 	1 	0 	0 	0 	0 	0 	0 	0 	0 	0 	1 	5 	0 	1.9222 		 	0.3636
24 	0 	0 	0 	0 	0 	0 	0 	0 	0 	0 	0 	0 	0 	0 	0 	3 	5 	0 	0 	0 	2.3342 		 	0.3636
25 	0 	0 	0 	8 	0 	0 	0 	0 	0 	0 	0 	0 	0 	0 	0 	0 	0 	0 	0 	0 	2.9957 		 	0.3636
26 	1 	0 	0 	0 	0 	0 	0 	0 	0 	0 	0 	0 	2 	5 	0 	0 	0 	0 	0 	0 	2.0955 		 	0.3636
27 	0 	0 	0 	0 	0 	0 	0 	2 	0 	3 	1 	0 	0 	0 	0 	0 	3 	0 	0 	0 	1.6849 		 	0.4091
28 	0 	0 	8 	0 	0 	0 	0 	0 	0 	0 	0 	0 	0 	1 	0 	0 	0 	0 	0 	0 	2.6469 		 	0.4091
29 	0 	0 	0 	0 	0 	1 	0 	0 	0 	0 	0 	0 	6 	0 	0 	0 	0 	0 	0 	0 	2.5856 		 	0.3182
30 	0 	0 	0 	0 	0 	0 	1 	0 	2 	1 	0 	0 	0 	0 	0 	0 	0 	0 	5 	0 	1.8467 		 	0.4091
31 	4 	0 	0 	0 	5 	0 	0 	0 	0 	0 	0 	0 	0 	0 	0 	0 	0 	0 	0 	0 	2.3088 		 	0.4091
32 	0 	0 	0 	0 	4 	0 	0 	0 	0 	5 	0 	0 	0 	0 	0 	0 	0 	0 	0 	0 	2.3088 		 	0.4091
33 	0 	0 	3 	0 	0 	0 	5 	0 	0 	1 	0 	0 	0 	0 	0 	0 	0 	0 	0 	0 	2.0588 		 	0.4091
34 	0 	0 	0 	0 	0 	5 	0 	0 	0 	3 	0 	0 	0 	0 	0 	0 	0 	0 	0 	0 	2.3342 		 	0.3636
35 	0 	0 	0 	0 	0 	0 	0 	0 	0 	5 	0 	0 	0 	0 	0 	0 	0 	0 	0 	0 	2.9957 		 	0.2273
36 	0 	0 	0 	0 	0 	5 	0 	0 	0 	0 	0 	0 	0 	0 	0 	0 	0 	0 	0 	0 	2.9957 		 	0.2273
37 	1 	0 	0 	0 	0 	0 	0 	0 	0 	5 	4 	0 	0 	0 	0 	0 	0 	0 	0 	0 	2.0524 		 	0.4545
38 	3 	0 	3 	0 	0 	0 	0 	0 	0 	3 	0 	0 	0 	1 	0 	0 	0 	0 	0 	0 	1.6819 		 	0.4545
39 	0 	0 	0 	0 	0 	0 	0 	0 	0 	2 	0 	3 	0 	0 	5 	0 	0 	0 	0 	0 	1.9661 		 	0.4545
40 	1 	0 	0 	0 	0 	0 	0 	0 	0 	1 	3 	0 	0 	0 	0 	0 	5 	0 	0 	0 	1.8274 		 	0.4545
41 	0 	2 	0 	0 	0 	0 	0 	0 	0 	0 	0 	0 	0 	0 	0 	0 	0 	0 	0 	8 	2.4953 		 	0.4545
42 	0 	0 	0 	0 	0 	3 	0 	0 	0 	0 	0 	0 	0 	0 	0 	0 	0 	1 	10 	0 	2.2368 		 	0.6364
43 	0 	0 	0 	0 	1 	0 	0 	0 	1 	0 	0 	0 	0 	0 	12 	0 	0 	0 	0 	0 	2.4866 		 	0.6364
44 	0 	2 	5 	0 	0 	0 	1 	0 	0 	0 	0 	0 	6 	0 	0 	0 	0 	0 	0 	0 	1.7984 		 	0.6364
45 	0 	0 	0 	0 	0 	0 	0 	4 	0 	3 	0 	0 	0 	0 	0 	0 	5 	0 	2 	0 	1.6620 		 	0.6364
46 	0 	0 	0 	0 	0 	0 	0 	0 	0 	0 	0 	8 	0 	0 	3 	1 	1 	1 	0 	0 	1.7803 		 	0.6364
47 	0 	0 	0 	0 	3 	0 	0 	4 	0 	2 	0 	0 	0 	0 	0 	0 	5 	0 	0 	0 	1.6620 		 	0.6364
48 	0 	0 	0 	0 	0 	0 	0 	0 	0 	4 	0 	0 	0 	0 	0 	0 	1 	0 	0 	0 	2.4953 		 	0.2273
49 	0 	1 	0 	0 	0 	0 	0 	0 	0 	0 	0 	0 	0 	0 	3 	0 	0 	0 	1 	0 	2.0455 		 	0.2273
50 	0 	0 	0 	4 	0 	1 	0 	0 	0 	1 	0 	0 	0 	0 	0 	3 	0 	0 	0 	0 	1.7808 		 	0.4091
51 	2 	0 	1 	0 	0 	5 	0 	0 	0 	0 	0 	8 	0 	0 	0 	0 	0 	1 	0 	0 	1.6960 		 	0.7727
52 	0 	0 	0 	1 	0 	1 	0 	0 	2 	0 	0 	0 	0 	0 	5 	3 	5 	0 	0 	0 	1.3847 		 	0.7727
53 	1 	0 	0 	0 	0 	2 	0 	0 	0 	5 	0 	0 	0 	0 	0 	6 	3 	0 	0 	0 	1.5437 		 	0.7727
54 	3 	0 	0 	0 	0 	0 	0 	0 	0 	0 	0 	0 	0 	0 	0 	0 	0 	0 	5 	2 	1.9661 		 	0.4545
55 	0 	0 	0 	0 	0 	0 	0 	0 	0 	7 	0 	0 	0 	0 	0 	0 	0 	2 	0 	0 	2.4660 		 	0.4091
56 	0 	0 	0 	0 	0 	0 	0 	0 	0 	0 	0 	0 	7 	0 	0 	0 	2 	0 	0 	0 	2.4660 		 	0.4091
57 	0 	0 	0 	0 	0 	0 	0 	0 	0 	0 	0 	5 	2 	0 	0 	0 	2 	0 	0 	0 	2.0007 		 	0.4091
58 	0 	0 	0 	0 	0 	0 	0 	0 	0 	0 	0 	0 	0 	0 	0 	0 	9 	0 	0 	0 	2.9957 		 	0.4091
59 	2 	0 	0 	0 	0 	0 	0 	0 	0 	0 	0 	0 	7 	0 	0 	0 	0 	0 	0 	0 	2.4660 		 	0.4091
60 	2 	0 	5 	0 	0 	0 	0 	0 	0 	0 	0 	0 	0 	0 	0 	0 	2 	0 	0 	0 	2.0007 		 	0.4091
61 	2 	0 	0 	0 	0 	0 	0 	0 	0 	0 	0 	0 	3 	0 	0 	0 	4 	0 	0 	0 	1.9349 		 	0.4091
62 	0 	0 	0 	0 	0 	0 	0 	2 	0 	0 	0 	0 	0 	3 	0 	2 	0 	0 	0 	0 	1.9167 		 	0.3182
63 	0 	0 	2 	0 	0 	0 	0 	0 	3 	0 	0 	0 	0 	0 	0 	0 	2 	0 	0 	0 	1.9167 		 	0.3182
64 	0 	0 	0 	0 	0 	0 	0 	0 	0 	0 	0 	0 	5 	0 	4 	0 	0 	0 	0 	0 	2.3088 		 	0.4091
65 	0 	0 	0 	0 	0 	0 	0 	0 	0 	0 	0 	0 	3 	2 	0 	4 	0 	0 	0 	0 	1.9349 		 	0.4091
66 	2 	0 	0 	0 	0 	0 	3 	3 	0 	0 	0 	0 	0 	3 	5 	0 	0 	0 	0 	0 	1.4307 		 	0.7273
67 	0 	7 	0 	0 	0 	7 	0 	0 	0 	0 	0 	0 	0 	0 	0 	0 	2 	0 	0 	0 	2.0125 		 	0.7273
68 	0 	0 	0 	0 	3 	0 	2 	0 	1 	0 	0 	0 	0 	2 	4 	0 	3 	1 	0 	0 	1.1550 		 	0.7273
69 	0 	0 	0 	0 	0 	0 	0 	0 	0 	5 	2 	0 	0 	0 	0 	0 	0 	0 	0 	0 	2.3975 		 	0.3182
70 	5 	0 	0 	0 	0 	0 	0 	0 	0 	0 	0 	0 	0 	0 	0 	2 	0 	0 	0 	0 	2.3975 		 	0.3182
71 	2 	0 	0 	0 	0 	0 	0 	0 	0 	0 	0 	0 	5 	0 	0 	0 	0 	0 	0 	0 	2.3975 		 	0.3182
72 	0 	0 	0 	0 	0 	0 	0 	0 	0 	2 	0 	0 	0 	0 	0 	0 	0 	0 	0 	0 	2.9957 		 	0.0909
73 	0 	0 	0 	0 	0 	0 	0 	0 	0 	2 	0 	0 	5 	0 	0 	0 	0 	0 	0 	0 	2.3975 		 	0.3182
74 	0 	0 	3 	0 	0 	2 	0 	0 	0 	2 	0 	0 	0 	0 	2 	0 	0 	0 	0 	3 	1.4067 		 	0.5455
75 	0 	0 	0 	7 	0 	0 	0 	2 	0 	0 	0 	3 	0 	0 	0 	4 	0 	0 	0 	0 	1.7137 		 	0.7273
76 	0 	0 	0 	0 	0 	0 	0 	0 	0 	9 	0 	6 	0 	0 	0 	3 	0 	0 	0 	2 	1.7604 		 	0.9091
77 	0 	0 	0 	1 	0 	5 	0 	0 	0 	0 	0 	0 	0 	0 	0 	9 	0 	0 	0 	0 	2.1425 		 	0.6818
78 	0 	0 	2 	4 	0 	0 	0 	0 	1 	3 	0 	3 	0 	0 	2 	0 	0 	0 	0 	0 	1.2816 		 	0.6818
79 	0 	0 	0 	0 	2 	0 	0 	0 	0 	0 	0 	0 	0 	0 	5 	1 	3 	4 	0 	0 	1.5060 		 	0.6818
80 	0 	0 	0 	3 	0 	0 	0 	0 	4 	0 	0 	8 	0 	0 	0 	0 	0 	0 	0 	0 	1.9861 		 	0.6818
81 	0 	0 	0 	0 	0 	0 	0 	0 	0 	6 	2 	3 	0 	1 	0 	3 	0 	0 	0 	0 	1.5363 		 	0.6818
82 	0 	0 	0 	0 	0 	0 	4 	0 	0 	0 	0 	0 	3 	0 	0 	4 	4 	0 	0 	0 	1.6164 		 	0.6818
83 	0 	0 	0 	0 	0 	0 	0 	6 	0 	6 	0 	0 	0 	0 	0 	0 	0 	3 	0 	0 	1.9408 		 	0.6818
84 	0 	0 	4 	2 	0 	0 	0 	1 	2 	0 	0 	0 	0 	0 	0 	0 	0 	6 	0 	0 	1.5589 		 	0.6818
85 	0 	0 	0 	0 	0 	0 	0 	4 	0 	4 	0 	0 	0 	1 	6 	0 	0 	0 	0 	0 	1.7437 		 	0.6818
86 	0 	0 	0 	11 	0 	0 	0 	0 	0 	0 	0 	0 	4 	0 	0 	0 	0 	0 	0 	0 	2.4158 		 	0.6818
87 	2 	0 	0 	0 	2 	8 	0 	0 	0 	0 	0 	3 	0 	0 	0 	0 	0 	0 	0 	0 	1.8013 		 	0.6818
88 	3 	0 	0 	0 	5 	0 	4 	0 	0 	1 	0 	2 	0 	0 	0 	0 	0 	0 	0 	0 	1.5060 		 	0.6818
89 	4 	0 	0 	0 	0 	2 	0 	7 	0 	0 	0 	0 	0 	0 	0 	0 	0 	0 	0 	2 	1.7503 		 	0.6818
90 	0 	0 	0 	0 	0 	0 	0 	0 	0 	0 	0 	0 	2 	0 	0 	7 	6 	0 	0 	0 	2.0049 		 	0.6818
91 	0 	0 	0 	0 	7 	0 	4 	0 	0 	0 	0 	0 	0 	0 	0 	2 	2 	0 	0 	0 	1.7503 		 	0.6818
92 	0 	0 	0 	0 	0 	2 	0 	0 	0 	0 	0 	12 	0 	0 	0 	0 	0 	0 	0 	0 	2.5856 		 	0.6364
93 	0 	0 	0 	0 	11 	0 	0 	0 	0 	5 	0 	0 	0 	0 	0 	0 	0 	0 	0 	4 	1.9985 		 	0.9091
94 	0 	0 	2 	0 	5 	0 	1 	0 	0 	0 	0 	0 	0 	0 	0 	0 	9 	0 	0 	3 	1.6252 		 	0.9091
95 	0 	0 	0 	2 	0 	0 	0 	0 	0 	0 	0 	0 	0 	3 	0 	0 	5 	0 	0 	0 	1.9661 		 	0.4545
96 	5 	0 	1 	2 	0 	0 	0 	0 	0 	0 	0 	0 	0 	0 	0 	3 	3 	0 	0 	0 	1.5013 		 	0.6364
97 	0 	0 	0 	0 	0 	0 	0 	0 	3 	2 	0 	0 	0 	0 	0 	5 	0 	0 	0 	4 	1.6620 		 	0.6364
98 	0 	0 	0 	0 	0 	0 	0 	2 	0 	3 	0 	7 	0 	0 	0 	0 	0 	2 	0 	0 	1.7631 		 	0.6364
99 	0 	0 	3 	1 	0 	0 	0 	0 	2 	0 	0 	0 	5 	3 	0 	0 	0 	0 	0 	0 	1.5013 		 	0.6364
100 	0 	0 	0 	0 	0 	0 	0 	0 	0 	3 	2 	0 	0 	0 	0 	2 	4 	0 	0 	3 	1.4216 		 	0.6364
101 	0 	0 	0 	0 	0 	0 	0 	4 	0 	9 	0 	0 	0 	0 	4 	0 	0 	0 	0 	3 	1.7081 		 	0.9091
102 	0 	0 	0 	0 	0 	0 	2 	3 	0 	0 	0 	2 	4 	0 	5 	0 	0 	4 	0 	0 	1.2603 		 	0.9091
103 	0 	0 	0 	0 	3 	0 	0 	0 	0 	0 	0 	0 	0 	0 	0 	0 	0 	0 	13 	4 	2.1093 		 	0.9091
104 	0 	0 	0 	0 	0 	2 	3 	0 	0 	0 	0 	0 	0 	6 	0 	0 	4 	0 	0 	5 	1.4513 		 	0.9091
105 	2 	0 	0 	7 	0 	0 	0 	1 	0 	0 	3 	4 	0 	0 	0 	0 	0 	3 	0 	0 	1.3572 		 	0.9091
106 	0 	0 	2 	5 	0 	0 	0 	0 	0 	6 	0 	0 	7 	0 	0 	0 	0 	0 	0 	0 	1.6903 		 	0.9091
107 	0 	0 	0 	0 	0 	0 	0 	0 	4 	2 	4 	0 	0 	0 	10 	0 	0 	0 	0 	0 	1.7751 		 	0.9091
108 	0 	0 	0 	0 	5 	0 	0 	0 	2 	0 	0 	0 	0 	0 	0 	0 	0 	0 	0 	0 	2.3975 		 	0.3182
109 	4 	12 	0 	0 	0 	0 	2 	0 	0 	0 	0 	2 	0 	0 	0 	0 	0 	0 	0 	0 	1.9068 		 	0.9091
110 	0 	0 	0 	0 	5 	0 	0 	0 	4 	7 	0 	0 	0 	0 	0 	0 	0 	4 	0 	0 	1.6379 		 	0.9091
111 	0 	0 	0 	0 	6 	0 	0 	2 	0 	3 	0 	0 	0 	0 	0 	0 	0 	9 	0 	0 	1.7604 		 	0.9091
112 	3 	0 	0 	0 	0 	4 	0 	0 	0 	7 	0 	0 	4 	0 	0 	0 	2 	0 	0 	0 	1.4697 		 	0.9091
113 	0 	0 	0 	2 	0 	7 	0 	0 	0 	0 	0 	0 	0 	0 	0 	3 	0 	7 	0 	1 	1.5962 		 	0.9091
114 	0 	0 	3 	0 	0 	0 	0 	2 	0 	4 	0 	0 	5 	0 	0 	0 	6 	0 	0 	0 	1.4513 		 	0.9091
115 	2 	0 	0 	0 	1 	0 	0 	3 	0 	3 	0 	0 	0 	0 	0 	4 	0 	0 	0 	0 	1.4710 		 	0.5909
116 	3 	0 	0 	0 	0 	0 	0 	0 	0 	2 	0 	0 	4 	0 	0 	0 	8 	3 	0 	0 	1.5079 		 	0.9091
117 	5 	0 	0 	7 	0 	0 	0 	0 	2 	0 	0 	0 	0 	0 	0 	1 	2 	0 	0 	3 	1.3868 		 	0.9091
118 	4 	0 	0 	7 	0 	0 	3 	0 	0 	0 	0 	1 	0 	3 	0 	0 	0 	2 	0 	0 	1.3572 		 	0.9091
119 	0 	0 	0 	0 	8 	0 	0 	0 	0 	10 	0 	2 	0 	0 	0 	0 	0 	0 	0 	0 	2.0524 		 	0.9091
120 	0 	0 	0 	0 	4 	0 	0 	0 	0 	3 	0 	0 	2 	0 	0 	0 	0 	0 	6 	0 	1.6862 		 	0.6818
121 	0 	0 	4 	0 	0 	0 	0 	0 	0 	0 	0 	3 	0 	0 	4 	0 	4 	0 	0 	0 	1.6164 		 	0.6818
122 	3 	0 	0 	4 	0 	0 	0 	0 	0 	0 	0 	0 	0 	3 	0 	3 	2 	0 	0 	0 	1.4089 		 	0.6818
123 	6 	0 	0 	0 	0 	0 	2 	3 	0 	0 	0 	0 	0 	0 	0 	0 	0 	4 	0 	0 	1.6862 		 	0.6818
124 	0 	0 	3 	4 	0 	0 	0 	0 	0 	0 	0 	8 	5 	0 	0 	0 	0 	0 	0 	0 	1.6762 		 	0.9091
125 	0 	0 	0 	0 	1 	2 	0 	0 	0 	3 	0 	0 	0 	0 	5 	0 	3 	6 	0 	0 	1.3388 		 	0.9091
126 	2 	0 	8 	0 	0 	0 	0 	0 	0 	0 	0 	0 	0 	0 	0 	0 	10 	0 	0 	0 	2.0524 		 	0.9091
127 	0 	0 	0 	13 	0 	0 	0 	0 	0 	0 	0 	0 	0 	0 	0 	0 	0 	0 	0 	0 	2.9957 		 	0.5909
128 	0 	0 	6 	0 	0 	0 	0 	0 	0 	0 	0 	0 	0 	0 	0 	4 	3 	0 	0 	0 	1.9378 		 	0.5909
129 	0 	0 	0 	0 	1 	0 	0 	0 	0 	12 	0 	0 	0 	0 	0 	0 	0 	0 	0 	0 	2.7245 		 	0.5909
130 	4 	0 	1 	3 	0 	0 	0 	0 	0 	0 	0 	0 	0 	0 	2 	0 	3 	0 	0 	0 	1.4710 		 	0.5909
131 	0 	0 	0 	0 	0 	0 	0 	0 	0 	0 	0 	3 	0 	1 	3 	4 	0 	2 	0 	0 	1.4710 		 	0.5909
132 	0 	0 	0 	0 	0 	0 	0 	0 	0 	0 	4 	0 	0 	0 	0 	0 	2 	0 	0 	7 	2.0118 		 	0.5909
133 	0 	0 	0 	3 	0 	0 	0 	0 	1 	6 	0 	0 	0 	3 	0 	0 	0 	0 	0 	0 	1.7648 		 	0.5909
134 	0 	0 	0 	0 	0 	0 	1 	0 	5 	0 	0 	4 	0 	3 	0 	0 	0 	0 	0 	0 	1.7299 		 	0.5909
135 	0 	0 	0 	0 	0 	0 	0 	0 	2 	0 	0 	0 	5 	0 	11 	0 	0 	2 	0 	0 	1.8598 		 	0.9091
136 	0 	0 	0 	0 	0 	7 	0 	1 	0 	3 	0 	0 	0 	0 	2 	0 	0 	3 	0 	4 	1.3572 		 	0.9091
137 	0 	0 	0 	0 	0 	0 	0 	0 	4 	2 	0 	3 	0 	7 	0 	0 	4 	0 	0 	0 	1.4697 		 	0.9091
138 	0 	0 	0 	0 	0 	0 	0 	0 	0 	9 	0 	0 	0 	0 	4 	2 	3 	0 	0 	0 	1.7722 		 	0.8182
139 	0 	0 	0 	0 	4 	0 	0 	4 	0 	7 	0 	0 	0 	0 	0 	0 	0 	2 	0 	3 	1.4697 		 	0.9091
140 	3 	0 	0 	0 	3 	0 	0 	2 	0 	0 	0 	0 	0 	0 	0 	0 	0 	0 	0 	12 	1.8898 		 	0.9091
141 	0 	0 	0 	3 	4 	0 	0 	5 	4 	3 	0 	1 	0 	0 	0 	0 	0 	0 	0 	0 	1.2865 		 	0.9091
142 	0 	0 	0 	0 	0 	0 	0 	0 	0 	0 	0 	0 	13 	0 	0 	0 	4 	3 	0 	0 	2.1093 		 	0.9091
143 	0 	0 	0 	0 	0 	0 	0 	0 	5 	0 	0 	2 	3 	0 	0 	8 	0 	0 	0 	0 	1.7367 		 	0.8182
144 	0 	0 	0 	0 	0 	4 	0 	0 	7 	0 	4 	0 	0 	0 	0 	0 	6 	0 	0 	0 	1.6399 		 	0.9545
145 	0 	0 	3 	1 	0 	0 	0 	0 	0 	0 	0 	4 	0 	0 	0 	0 	6 	0 	0 	7 	1.5328 		 	0.9545
146 	0 	0 	4 	0 	0 	0 	0 	0 	1 	14 	0 	0 	0 	0 	0 	0 	0 	2 	0 	0 	2.0407 		 	0.9545
147 	4 	0 	0 	0 	0 	4 	0 	4 	0 	7 	0 	0 	0 	0 	0 	0 	0 	2 	0 	0 	1.4580 		 	0.9545
148 	0 	0 	0 	0 	0 	5 	0 	6 	0 	4 	0 	0 	0 	0 	0 	5 	0 	1 	0 	0 	1.4936 		 	0.9545
149 	0 	0 	0 	0 	0 	0 	0 	0 	0 	0 	0 	0 	2 	0 	0 	0 	0 	0 	0 	0 	2.9957 		 	0.0909
150 	4 	0 	0 	0 	0 	0 	0 	0 	1 	0 	0 	0 	0 	0 	4 	2 	0 	0 	0 	5 	1.5059 		 	0.7273
151 	0 	0 	0 	0 	0 	2 	2 	1 	0 	8 	0 	0 	0 	0 	0 	0 	0 	0 	0 	0 	1.9237 		 	0.5909
152 	0 	0 	2 	0 	2 	0 	0 	0 	0 	0 	0 	0 	0 	0 	0 	4 	0 	0 	0 	1 	1.7227 		 	0.4091
153 	1 	0 	0 	0 	0 	2 	0 	0 	2 	0 	0 	0 	2 	0 	0 	0 	2 	0 	0 	0 	1.4146 		 	0.4091
154 	2 	0 	0 	0 	0 	0 	2 	0 	0 	0 	0 	0 	0 	1 	8 	0 	0 	4 	0 	0 	1.6304 		 	0.7727
155 	4 	0 	0 	2 	0 	0 	0 	0 	1 	0 	0 	0 	9 	0 	2 	3 	0 	0 	0 	0 	1.4459 		 	0.9545
156 	2 	0 	0 	4 	4 	0 	2 	0 	0 	0 	0 	0 	3 	0 	2 	2 	0 	0 	0 	2 	0.9663 		 	0.9545
157 	0 	0 	0 	0 	0 	0 	0 	0 	0 	0 	0 	5 	4 	1 	2 	3 	2 	4 	0 	0 	1.1515 		 	0.9545
158 	7 	2 	0 	0 	0 	0 	0 	0 	4 	0 	0 	0 	0 	3 	0 	0 	1 	4 	0 	0 	1.3509 		 	0.9545
159 	0 	0 	4 	2 	0 	0 	0 	0 	0 	0 	0 	1 	2 	7 	0 	5 	0 	0 	0 	0 	1.3791 		 	0.9545
160 	0 	0 	0 	0 	6 	0 	0 	6 	0 	8 	0 	0 	0 	0 	0 	0 	0 	2 	0 	0 	1.7012 		 	1.0000
161 	0 	0 	0 	0 	0 	0 	0 	0 	5 	0 	0 	4 	13 	0 	0 	0 	0 	0 	0 	0 	2.0382 		 	1.0000
162 	12 	0 	0 	2 	0 	0 	0 	0 	0 	4 	0 	0 	2 	0 	0 	0 	2 	0 	0 	0 	1.7012 		 	1.0000
163 	0 	0 	4 	0 	0 	2 	0 	0 	0 	2 	0 	0 	3 	3 	0 	2 	0 	6 	0 	0 	1.1341 		 	1.0000
164 	0 	0 	3 	0 	0 	0 	2 	0 	0 	0 	0 	0 	2 	0 	4 	8 	3 	0 	0 	0 	1.3386 		 	1.0000
165 	0 	0 	0 	6 	0 	0 	2 	0 	0 	0 	0 	0 	0 	2 	0 	7 	3 	0 	0 	0 	1.5220 		 	0.9091
166 	2 	0 	0 	0 	2 	4 	0 	4 	0 	3 	0 	0 	0 	0 	0 	0 	4 	3 	0 	0 	1.0865 		 	1.0000
167 	0 	0 	0 	3 	0 	4 	0 	0 	0 	0 	0 	0 	0 	0 	0 	0 	0 	0 	0 	0 	2.3128 		 	0.3182
168 	0 	0 	0 	0 	2 	0 	0 	0 	0 	0 	0 	0 	5 	0 	0 	0 	0 	0 	0 	0 	2.3975 		 	0.3182
169 	0 	0 	0 	0 	0 	0 	0 	0 	0 	2 	0 	0 	0 	0 	0 	0 	5 	0 	0 	0 	2.3975 		 	0.3182
170 	3 	0 	0 	0 	0 	3 	0 	0 	0 	0 	0 	0 	0 	0 	0 	4 	0 	0 	0 	0 	1.9068 		 	0.4545
171 	0 	0 	0 	2 	0 	0 	2 	0 	0 	0 	0 	0 	0 	4 	2 	0 	0 	0 	0 	0 	1.6636 		 	0.4545
172 	0 	0 	0 	0 	0 	0 	0 	0 	2 	0 	0 	0 	7 	7 	0 	0 	0 	0 	0 	0 	2.0125 		 	0.7273
173 	0 	0 	0 	0 	0 	0 	0 	0 	0 	0 	0 	0 	12 	0 	0 	0 	2 	0 	0 	0 	2.5856 		 	0.6364
174 	2 	0 	0 	0 	0 	0 	0 	2 	0 	0 	0 	0 	3 	4 	0 	0 	3 	0 	0 	0 	1.4216 		 	0.6364
175 	2 	0 	0 	2 	0 	0 	0 	2 	0 	0 	0 	0 	0 	0 	0 	1 	5 	2 	0 	0 	1.3276 		 	0.6364
176 	0 	0 	0 	0 	0 	0 	0 	0 	0 	0 	0 	0 	0 	0 	0 	0 	0 	16 	0 	0 	2.9957 		 	0.7273
177 	3 	0 	0 	0 	0 	0 	0 	0 	0 	0 	0 	0 	3 	0 	0 	0 	4 	0 	0 	0 	1.9068 		 	0.4545
178 	0 	0 	0 	0 	0 	0 	0 	0 	0 	0 	0 	0 	8 	2 	0 	0 	0 	0 	0 	0 	2.4953 		 	0.4545
179 	0 	0 	2 	0 	0 	0 	0 	0 	0 	5 	0 	0 	3 	0 	0 	0 	0 	0 	0 	0 	1.9661 		 	0.4545
180 	0 	0 	0 	0 	0 	0 	0 	3 	5 	0 	0 	0 	0 	0 	0 	0 	0 	2 	0 	0 	1.9661 		 	0.4545
181 	0 	0 	3 	0 	0 	5 	0 	0 	0 	0 	0 	0 	0 	0 	0 	2 	0 	0 	0 	0 	1.9661 		 	0.4545
182 	0 	0 	0 	0 	2 	0 	0 	0 	0 	8 	0 	0 	0 	0 	0 	6 	0 	0 	0 	6 	1.7012 		 	1.0000
183 	0 	0 	0 	0 	3 	0 	0 	0 	0 	4 	4 	2 	0 	0 	0 	9 	0 	0 	0 	0 	1.5205 		 	1.0000
184 	0 	0 	0 	0 	0 	0 	5 	5 	0 	6 	0 	0 	0 	0 	0 	0 	0 	0 	0 	0 	1.9010 		 	0.7273
185 	0 	0 	2 	0 	0 	0 	0 	0 	0 	0 	0 	9 	5 	0 	0 	0 	2 	0 	0 	0 	1.8051 		 	0.8182
186 	0 	0 	0 	0 	0 	0 	0 	0 	0 	0 	0 	0 	5 	0 	0 	2 	0 	0 	0 	0 	2.3975 		 	0.3182
187 	1 	0 	0 	0 	0 	2 	0 	0 	0 	0 	0 	0 	0 	0 	0 	2 	2 	0 	0 	0 	1.6439 		 	0.3182
188 	5 	0 	0 	0 	2 	0 	0 	0 	0 	0 	0 	0 	0 	0 	0 	0 	0 	0 	0 	0 	2.3975 		 	0.3182
189 	2 	0 	0 	0 	0 	0 	0 	0 	0 	0 	0 	0 	0 	0 	0 	5 	0 	0 	0 	0 	2.3975 		 	0.3182
190 	2 	0 	0 	0 	0 	0 	0 	0 	0 	0 	0 	0 	2 	0 	0 	0 	0 	3 	0 	0 	1.9167 		 	0.3182
191 	0 	0 	0 	0 	0 	0 	0 	0 	0 	5 	0 	0 	0 	0 	0 	0 	0 	0 	0 	2 	2.3975 		 	0.3182
192 	0 	0 	0 	0 	0 	0 	0 	0 	0 	7 	0 	0 	0 	0 	0 	0 	0 	0 	0 	0 	2.9957 		 	0.3182
193 	0 	0 	0 	0 	0 	0 	0 	0 	0 	0 	0 	0 	0 	0 	5 	0 	2 	0 	0 	0 	2.3975 		 	0.3182
194 	0 	0 	0 	0 	0 	0 	0 	0 	0 	0 	0 	0 	0 	0 	0 	5 	2 	0 	0 	0 	2.3975 		 	0.3182
195 	0 	0 	0 	0 	0 	0 	3 	0 	2 	0 	0 	0 	0 	6 	5 	0 	0 	0 	0 	0 	1.6906 		 	0.7273
196 	5 	0 	0 	0 	0 	2 	2 	0 	0 	4 	2 	0 	0 	0 	0 	0 	0 	7 	0 	0 	1.3307 		 	1.0000
197 	0 	0 	4 	0 	4 	0 	0 	0 	0 	2 	0 	0 	0 	0 	0 	0 	0 	0 	8 	4 	1.4800 		 	1.0000
198 	0 	0 	0 	0 	0 	0 	0 	0 	0 	0 	3 	0 	0 	0 	0 	0 	0 	7 	0 	0 	2.3849 		 	0.4545
199 	6 	0 	0 	0 	0 	0 	0 	0 	0 	0 	0 	2 	7 	0 	0 	0 	5 	0 	0 	2 	1.5043 		 	1.0000
200 	0 	0 	0 	2 	7 	0 	0 	0 	0 	0 	0 	0 	3 	0 	0 	8 	0 	0 	0 	2 	1.5558 		 	1.0000
201 	2 	0 	0 	0 	0 	0 	2 	0 	6 	0 	0 	0 	0 	5 	0 	5 	2 	0 	0 	0 	1.3140 		 	1.0000
202 	7 	0 	0 	0 	0 	0 	0 	0 	0 	0 	0 	0 	0 	0 	0 	0 	5 	4 	0 	0 	1.9240 		 	0.7273
203 	2 	0 	0 	0 	2 	0 	4 	0 	0 	2 	0 	0 	0 	0 	0 	0 	3 	3 	0 	0 	1.2416 		 	0.7273
204 	0 	0 	0 	0 	0 	0 	0 	0 	0 	0 	0 	0 	11 	0 	0 	0 	0 	0 	0 	0 	2.9957 		 	0.5000
205 	0 	0 	0 	0 	0 	0 	0 	0 	0 	0 	0 	0 	7 	0 	0 	0 	0 	0 	0 	0 	2.9957 		 	0.3182
206 	0 	0 	5 	0 	0 	0 	0 	0 	0 	0 	0 	2 	0 	0 	0 	0 	0 	0 	0 	0 	2.3975 		 	0.3182
207 	0 	0 	0 	0 	0 	0 	0 	0 	0 	0 	0 	0 	5 	0 	2 	0 	0 	0 	0 	0 	2.3975 		 	0.3182
208 	0 	0 	0 	5 	0 	0 	0 	0 	0 	2 	0 	0 	0 	0 	0 	0 	0 	0 	0 	0 	2.3975 		 	0.3182
209 	3 	0 	0 	0 	0 	2 	0 	0 	0 	0 	0 	0 	0 	0 	0 	0 	0 	2 	0 	0 	1.9167 		 	0.3182
210 	0 	0 	0 	0 	0 	0 	0 	0 	0 	5 	0 	0 	0 	0 	0 	0 	0 	0 	2 	0 	2.3975 		 	0.3182
211 	0 	0 	0 	0 	0 	0 	2 	0 	0 	0 	0 	0 	0 	0 	0 	0 	5 	0 	0 	0 	2.3975 		 	0.3182
212 	0 	0 	0 	0 	5 	0 	0 	0 	0 	2 	0 	0 	0 	0 	0 	0 	0 	0 	0 	0 	2.3975 		 	0.3182
213 	0 	0 	0 	2 	0 	0 	0 	0 	0 	0 	0 	0 	5 	0 	0 	0 	0 	0 	0 	0 	2.3975 		 	0.3182
214 	0 	0 	0 	0 	0 	0 	0 	0 	0 	0 	0 	0 	0 	0 	7 	0 	0 	0 	0 	0 	2.9957 		 	0.3182
215 	2 	0 	0 	0 	0 	5 	0 	0 	0 	0 	0 	0 	0 	0 	0 	0 	0 	0 	0 	0 	2.3975 		 	0.3182
216 	0 	0 	5 	2 	0 	0 	0 	0 	0 	0 	0 	0 	0 	0 	0 	0 	0 	0 	0 	0 	2.3975 		 	0.3182
217 	0 	0 	2 	0 	0 	0 	0 	0 	0 	0 	0 	3 	0 	0 	0 	0 	2 	0 	0 	0 	1.9167 		 	0.3182
218 	2 	0 	0 	0 	0 	2 	0 	0 	0 	0 	0 	0 	0 	0 	0 	0 	0 	3 	0 	0 	1.9167 		 	0.3182
219 	7 	0 	0 	0 	0 	0 	0 	0 	0 	0 	0 	0 	0 	0 	0 	0 	0 	0 	0 	0 	2.9957 		 	0.3182
220 	0 	0 	0 	0 	0 	0 	0 	0 	0 	0 	0 	0 	0 	0 	0 	0 	7 	0 	0 	0 	2.9957 		 	0.3182
221 	5 	0 	0 	1 	0 	0 	0 	0 	0 	0 	0 	0 	0 	0 	0 	0 	0 	0 	0 	0 	2.5452 		 	0.2727
222 	0 	0 	0 	2 	0 	0 	0 	0 	0 	0 	0 	0 	0 	0 	2 	3 	0 	0 	0 	0 	1.9167 		 	0.3182
223 	0 	0 	0 	0 	0 	0 	4 	0 	0 	0 	0 	0 	0 	0 	2 	0 	0 	0 	0 	0 	2.3592 		 	0.2727
224 	0 	0 	0 	0 	0 	0 	0 	0 	0 	0 	0 	0 	7 	0 	0 	0 	0 	0 	0 	0 	2.9957 		 	0.3182
225 	0 	0 	2 	0 	2 	0 	0 	0 	0 	0 	0 	0 	0 	0 	0 	3 	0 	0 	0 	0 	1.9167 		 	0.3182
226 	0 	0 	0 	0 	0 	7 	0 	0 	0 	0 	0 	0 	0 	0 	0 	0 	0 	0 	0 	0 	2.9957 		 	0.3182
227 	0 	0 	0 	0 	0 	0 	0 	0 	0 	0 	0 	0 	3 	0 	2 	0 	0 	2 	0 	0 	1.9167 		 	0.3182
228 	0 	0 	0 	0 	0 	0 	0 	0 	0 	0 	0 	0 	0 	0 	5 	2 	0 	0 	0 	0 	2.3975 		 	0.3182
229 	0 	0 	3 	0 	0 	0 	0 	0 	0 	2 	0 	2 	0 	0 	0 	0 	0 	0 	0 	0 	1.9167 		 	0.3182
230 	2 	0 	0 	0 	0 	0 	0 	0 	0 	2 	0 	0 	0 	0 	0 	0 	3 	0 	0 	0 	1.9167 		 	0.3182
231 	0 	0 	0 	0 	0 	0 	0 	0 	0 	0 	0 	0 	7 	0 	0 	0 	0 	0 	0 	0 	2.9957 		 	0.3182
232 	2 	0 	0 	0 	0 	0 	0 	0 	0 	0 	0 	0 	5 	0 	0 	0 	0 	0 	0 	0 	2.3975 		 	0.3182
233 	0 	0 	0 	0 	0 	0 	0 	0 	0 	0 	0 	0 	5 	0 	0 	0 	0 	0 	0 	0 	2.9957 		 	0.2273
234 	0 	0 	0 	0 	0 	2 	0 	0 	0 	0 	0 	0 	0 	0 	5 	0 	0 	0 	0 	0 	2.3975 		 	0.3182
235 	0 	0 	0 	0 	0 	0 	0 	0 	0 	0 	0 	0 	7 	0 	0 	0 	0 	0 	0 	0 	2.9957 		 	0.3182
236 	0 	0 	0 	0 	0 	0 	0 	0 	0 	0 	0 	0 	5 	0 	0 	0 	2 	0 	0 	0 	2.3975 		 	0.3182
237 	2 	0 	0 	0 	0 	0 	0 	0 	0 	0 	0 	0 	0 	0 	0 	0 	0 	3 	0 	0 	2.3227 		 	0.2273
238 	0 	0 	0 	0 	0 	11 	3 	0 	0 	0 	0 	0 	0 	0 	0 	0 	0 	0 	0 	0 	2.4762 		 	0.6364
239 	4 	0 	3 	0 	0 	6 	2 	0 	0 	0 	0 	0 	0 	0 	0 	0 	1 	4 	0 	0 	1.3262 		 	0.9091
240 	0 	0 	0 	0 	0 	0 	0 	8 	0 	2 	0 	0 	2 	0 	3 	0 	0 	2 	3 	0 	1.3693 		 	0.9091
241 	0 	0 	0 	0 	0 	2 	0 	0 	1 	0 	0 	0 	0 	0 	5 	4 	2 	0 	0 	6 	1.3558 		 	0.9091
242 	0 	0 	0 	2 	0 	1 	5 	0 	0 	0 	0 	0 	0 	0 	0 	0 	0 	2 	0 	0 	1.7751 		 	0.4545
243 	0 	0 	0 	0 	2 	0 	0 	0 	0 	0 	0 	0 	7 	0 	0 	3 	0 	0 	0 	4 	1.7137 		 	0.7273
244 	2 	0 	0 	0 	0 	0 	3 	2 	2 	0 	0 	0 	0 	0 	0 	0 	5 	2 	0 	0 	1.2787 		 	0.7273
245 	0 	0 	0 	0 	0 	0 	0 	0 	0 	0 	0 	4 	0 	0 	4 	0 	8 	0 	0 	0 	1.9560 		 	0.7273
246 	0 	0 	0 	3 	0 	0 	0 	0 	0 	0 	0 	2 	0 	0 	0 	0 	5 	6 	0 	0 	1.6906 		 	0.7273
247 	0 	0 	0 	0 	0 	0 	0 	2 	0 	5 	0 	0 	0 	0 	0 	5 	0 	4 	0 	0 	1.6623 		 	0.7273
248 	0 	0 	3 	6 	0 	3 	0 	0 	0 	2 	0 	0 	0 	0 	0 	2 	0 	0 	0 	0 	1.4803 		 	0.7273
249 	0 	0 	0 	2 	0 	0 	0 	7 	0 	3 	0 	0 	0 	0 	0 	0 	0 	4 	0 	0 	1.7137 		 	0.7273
250 	2 	0 	0 	0 	0 	0 	5 	0 	0 	0 	0 	0 	0 	0 	6 	0 	3 	0 	0 	0 	1.6906 		 	0.7273
251 	0 	0 	0 	0 	0 	0 	5 	0 	4 	0 	0 	0 	0 	4 	3 	0 	0 	0 	0 	0 	1.6252 		 	0.7273
252 	2 	0 	0 	0 	0 	0 	0 	0 	0 	7 	4 	0 	3 	0 	0 	0 	0 	0 	0 	0 	1.7137 		 	0.7273
253 	0 	0 	0 	0 	0 	6 	10 	0 	0 	0 	0 	0 	0 	4 	0 	0 	0 	0 	0 	2 	1.7550 		 	1.0000
254 	0 	0 	0 	0 	7 	0 	0 	0 	0 	4 	0 	0 	0 	0 	0 	0 	0 	0 	0 	6 	1.9223 		 	0.7727
255 	2 	0 	4 	0 	0 	2 	0 	0 	0 	0 	0 	6 	0 	0 	0 	0 	0 	0 	0 	0 	1.7187 		 	0.6364
256 	0 	0 	0 	0 	0 	0 	0 	2 	0 	0 	0 	7 	0 	2 	0 	4 	2 	0 	0 	0 	1.5346 		 	0.7727
257 	0 	0 	0 	0 	0 	0 	0 	0 	0 	0 	0 	0 	0 	0 	0 	0 	0 	0 	2 	0 	2.9957 		 	0.0909
258 	0 	0 	2 	0 	0 	0 	0 	0 	0 	0 	0 	0 	0 	0 	0 	0 	0 	0 	0 	0 	2.9957 		 	0.0909
259 	2 	0 	0 	0 	0 	0 	0 	0 	0 	0 	0 	0 	0 	0 	0 	0 	0 	0 	0 	0 	2.9957 		 	0.0909
260 	0 	0 	0 	0 	0 	0 	0 	0 	0 	2 	0 	7 	4 	3 	0 	0 	0 	4 	0 	2 	1.3038 		 	1.0000
261 	13 	0 	0 	0 	0 	0 	0 	2 	0 	0 	0 	0 	0 	0 	0 	4 	3 	0 	0 	0 	1.8852 		 	1.0000
262 	0 	13 	0 	0 	0 	0 	0 	0 	0 	0 	0 	0 	0 	0 	4 	5 	0 	0 	0 	0 	2.0382 		 	1.0000
263 	0 	0 	0 	0 	0 	0 	2 	0 	0 	0 	0 	0 	0 	0 	0 	0 	3 	2 	0 	0 	1.9167 		 	0.3182
264 	0 	0 	0 	0 	0 	0 	0 	0 	0 	0 	0 	0 	0 	0 	0 	0 	7 	0 	0 	0 	2.9957 		 	0.3182
265 	0 	0 	0 	0 	2 	0 	0 	0 	0 	0 	0 	0 	0 	0 	0 	0 	0 	0 	5 	0 	2.3975 		 	0.3182
266 	0 	0 	0 	0 	2 	0 	0 	0 	0 	5 	0 	0 	0 	0 	0 	0 	0 	0 	0 	0 	2.3975 		 	0.3182
267 	5 	0 	0 	0 	0 	0 	0 	0 	0 	0 	0 	0 	0 	0 	0 	2 	0 	0 	0 	0 	2.3975 		 	0.3182
268 	4 	0 	0 	0 	0 	0 	0 	0 	0 	0 	0 	0 	0 	0 	0 	0 	3 	0 	0 	0 	2.3128 		 	0.3182
269 	0 	0 	0 	2 	0 	0 	0 	0 	0 	0 	0 	0 	0 	0 	5 	0 	0 	0 	0 	0 	2.3975 		 	0.3182
270 	2 	0 	0 	0 	0 	5 	0 	0 	0 	0 	0 	0 	0 	0 	0 	0 	0 	0 	0 	0 	2.3975 		 	0.3182
271 	0 	0 	0 	0 	0 	0 	0 	5 	4 	7 	4 	0 	0 	0 	0 	0 	2 	0 	0 	0 	1.4567 		 	1.0000
272 	0 	0 	0 	0 	0 	0 	0 	2 	0 	18 	0 	0 	0 	0 	0 	0 	0 	2 	0 	0 	2.3956 		 	1.0000
273 	0 	0 	0 	0 	3 	0 	0 	0 	0 	2 	0 	0 	4 	0 	5 	6 	2 	0 	0 	0 	1.2870 		 	1.0000
274 	4 	0 	3 	0 	0 	2 	0 	0 	0 	0 	0 	8 	0 	0 	0 	3 	2 	0 	0 	0 	1.3386 		 	1.0000
275 	0 	0 	2 	0 	0 	5 	0 	0 	0 	0 	0 	0 	9 	0 	0 	6 	0 	0 	0 	0 	1.7210 		 	1.0000
276 	0 	0 	0 	0 	0 	5 	0 	0 	0 	10 	0 	0 	0 	0 	0 	0 	2 	0 	0 	0 	2.0719 		 	0.7727
277 	0 	0 	0 	0 	0 	0 	0 	0 	0 	2 	0 	0 	0 	0 	5 	0 	0 	0 	0 	0 	2.3975 		 	0.3182
278 	0 	0 	0 	0 	0 	0 	0 	0 	0 	0 	0 	0 	0 	0 	2 	0 	0 	0 	0 	5 	2.3975 		 	0.3182
279 	0 	0 	0 	0 	0 	0 	0 	2 	0 	0 	0 	0 	0 	0 	0 	0 	0 	5 	0 	0 	2.3975 		 	0.3182
280 	0 	0 	0 	4 	0 	0 	5 	0 	2 	0 	0 	2 	0 	0 	0 	0 	2 	0 	0 	5 	1.2899 		 	0.9091
281 	0 	0 	5 	4 	3 	0 	0 	0 	4 	2 	0 	0 	0 	0 	0 	0 	0 	2 	0 	0 	1.2603 		 	0.9091
282 	0 	0 	0 	0 	0 	0 	0 	0 	0 	7 	0 	0 	2 	4 	0 	5 	0 	0 	0 	2 	1.4993 		 	0.9091
283 	0 	0 	0 	0 	0 	0 	0 	6 	0 	11 	0 	0 	5 	0 	0 	0 	0 	0 	0 	0 	1.9581 		 	1.0000
284 	0 	0 	0 	0 	17 	0 	0 	0 	0 	0 	0 	0 	0 	0 	0 	5 	0 	0 	0 	0 	2.4598 		 	1.0000
285 	7 	0 	0 	0 	0 	2 	0 	0 	0 	0 	0 	0 	6 	0 	0 	3 	0 	0 	0 	4 	1.4774 		 	1.0000
286 	0 	0 	0 	0 	0 	0 	0 	2 	0 	0 	0 	0 	0 	0 	0 	9 	3 	4 	0 	4 	1.5205 		 	1.0000
287 	0 	0 	0 	0 	0 	0 	0 	4 	2 	0 	0 	0 	0 	0 	0 	0 	5 	2 	0 	0 	1.6896 		 	0.5909
288 	0 	0 	0 	0 	0 	4 	0 	0 	0 	0 	0 	0 	0 	0 	0 	0 	0 	0 	9 	0 	2.3785 		 	0.5909
289 	0 	0 	0 	0 	0 	0 	0 	0 	0 	0 	0 	0 	7 	0 	0 	2 	4 	0 	0 	0 	2.0118 		 	0.5909
290 	0 	0 	0 	0 	0 	0 	0 	2 	0 	2 	4 	0 	0 	0 	0 	0 	0 	5 	0 	0 	1.6896 		 	0.5909
291 	0 	0 	0 	0 	2 	5 	0 	0 	0 	4 	0 	0 	0 	0 	2 	0 	0 	0 	0 	0 	1.6896 		 	0.5909
292 	2 	0 	0 	0 	0 	0 	0 	3 	0 	0 	0 	0 	4 	0 	0 	0 	0 	2 	0 	2 	1.4308 		 	0.5909
293 	0 	0 	0 	0 	0 	0 	0 	0 	0 	0 	0 	4 	0 	0 	2 	0 	0 	0 	7 	0 	2.0118 		 	0.5909
294 	2 	0 	2 	0 	0 	0 	0 	0 	0 	0 	0 	0 	0 	4 	0 	0 	11 	3 	0 	0 	1.6315 		 	1.0000
295 	0 	0 	0 	2 	0 	0 	0 	0 	0 	0 	0 	0 	0 	0 	4 	0 	12 	4 	0 	0 	1.8272 		 	1.0000
296 	0 	0 	0 	0 	0 	7 	0 	0 	0 	0 	0 	0 	9 	0 	6 	0 	0 	0 	0 	0 	1.9114 		 	1.0000
297 	0 	9 	0 	5 	0 	2 	4 	0 	0 	0 	0 	0 	0 	0 	0 	2 	0 	0 	0 	0 	1.5474 		 	1.0000
298 	0 	0 	0 	0 	0 	0 	0 	0 	0 	5 	0 	0 	0 	0 	0 	0 	0 	2 	0 	0 	2.3975 		 	0.3182
299 	2 	0 	0 	0 	0 	0 	0 	0 	0 	2 	0 	0 	0 	0 	0 	0 	0 	3 	0 	0 	1.9167 		 	0.3182
300 	0 	0 	0 	0 	2 	0 	0 	0 	0 	5 	0 	0 	0 	0 	0 	0 	0 	0 	0 	0 	2.3975 		 	0.3182
301 	0 	0 	0 	0 	0 	5 	0 	0 	0 	0 	0 	0 	0 	0 	0 	0 	2 	0 	0 	0 	2.3975 		 	0.3182
302 	0 	5 	0 	0 	0 	0 	0 	0 	0 	0 	0 	0 	0 	0 	0 	2 	0 	0 	0 	0 	2.3975 		 	0.3182
303 	0 	0 	7 	0 	0 	0 	0 	0 	0 	0 	0 	0 	0 	0 	0 	0 	0 	0 	0 	0 	2.9957 		 	0.3182
304 	5 	0 	0 	0 	0 	0 	0 	0 	0 	0 	0 	0 	0 	0 	0 	2 	0 	0 	0 	0 	2.3975 		 	0.3182
305 	5 	0 	0 	0 	0 	2 	0 	0 	0 	0 	0 	0 	0 	0 	0 	0 	0 	0 	0 	0 	2.3975 		 	0.3182
306 	4 	0 	0 	0 	0 	0 	0 	0 	0 	8 	0 	0 	0 	0 	2 	0 	0 	2 	0 	0 	1.7827 		 	0.7273
307 	0 	0 	0 	0 	0 	0 	3 	0 	4 	0 	2 	0 	0 	0 	0 	4 	0 	7 	0 	2 	1.3038 		 	1.0000
308 	0 	0 	0 	2 	0 	0 	0 	4 	0 	0 	0 	0 	0 	3 	9 	0 	0 	0 	0 	4 	1.5205 		 	1.0000
309 	5 	0 	0 	0 	0 	3 	2 	0 	0 	0 	0 	0 	0 	0 	0 	0 	4 	8 	0 	0 	1.4915 		 	1.0000
310 	0 	0 	0 	0 	9 	0 	0 	0 	0 	0 	0 	2 	0 	0 	9 	0 	0 	0 	0 	2 	1.8284 		 	1.0000
311 	0 	0 	0 	0 	0 	0 	0 	2 	0 	0 	0 	2 	0 	0 	0 	0 	0 	0 	0 	18 	2.3956 		 	1.0000
312 	2 	0 	0 	0 	0 	7 	0 	0 	0 	3 	0 	0 	2 	4 	0 	0 	0 	2 	0 	2 	1.1778 		 	1.0000
313 	0 	0 	0 	0 	0 	4 	0 	2 	2 	6 	3 	0 	0 	0 	3 	0 	0 	2 	0 	0 	1.1341 		 	1.0000
314 	0 	0 	3 	7 	0 	4 	0 	0 	0 	0 	0 	4 	0 	0 	4 	0 	0 	0 	0 	0 	1.4298 		 	1.0000
315 	0 	4 	0 	0 	7 	0 	0 	0 	0 	0 	0 	0 	0 	0 	0 	0 	0 	2 	0 	0 	2.0118 		 	0.5909
316 	0 	0 	0 	0 	0 	0 	4 	0 	0 	0 	9 	0 	0 	0 	0 	0 	0 	0 	0 	0 	2.3785 		 	0.5909
317 	2 	0 	0 	0 	0 	5 	0 	0 	0 	4 	0 	0 	0 	0 	0 	2 	0 	0 	0 	0 	1.6896 		 	0.5909
318 	0 	0 	0 	0 	0 	0 	0 	0 	0 	5 	0 	0 	0 	0 	0 	6 	0 	2 	0 	0 	1.9834 		 	0.5909
319 	0 	0 	0 	0 	0 	0 	0 	0 	2 	2 	0 	0 	0 	0 	0 	0 	0 	5 	0 	4 	1.6896 		 	0.5909
320 	0 	0 	0 	0 	2 	0 	0 	7 	0 	0 	0 	0 	0 	0 	0 	0 	0 	4 	0 	0 	2.0118 		 	0.5909
321 	4 	0 	0 	0 	0 	0 	0 	0 	0 	0 	0 	0 	0 	0 	0 	9 	0 	0 	0 	0 	2.3785 		 	0.5909
322 	0 	0 	0 	0 	0 	0 	0 	2 	0 	6 	5 	0 	0 	0 	0 	0 	0 	0 	0 	0 	1.9834 		 	0.5909
323 	0 	0 	0 	0 	0 	0 	3 	0 	0 	0 	0 	0 	0 	0 	2 	8 	0 	0 	0 	0 	2.0706 		 	0.5909
324 	0 	0 	5 	0 	0 	0 	0 	6 	0 	0 	0 	0 	0 	0 	0 	2 	0 	0 	0 	0 	1.9834 		 	0.5909
325 	0 	0 	0 	0 	0 	4 	0 	0 	0 	0 	0 	0 	0 	0 	0 	5 	0 	0 	0 	0 	2.3088 		 	0.4091
326 	0 	0 	0 	0 	0 	0 	0 	0 	0 	1 	0 	2 	6 	0 	0 	0 	0 	0 	0 	0 	2.1470 		 	0.4091
327 	0 	0 	0 	0 	0 	0 	0 	0 	0 	0 	0 	6 	7 	0 	0 	0 	0 	0 	0 	0 	2.3055 		 	0.5909
328 	4 	0 	0 	2 	0 	4 	0 	2 	0 	0 	0 	0 	0 	0 	0 	0 	0 	1 	0 	0 	1.4972 		 	0.5909
329 	0 	0 	6 	10 	0 	0 	0 	0 	0 	0 	0 	2 	0 	0 	0 	2 	2 	0 	0 	0 	1.6290 		 	1.0000
330 	0 	0 	0 	0 	0 	2 	0 	6 	4 	5 	0 	0 	0 	0 	0 	0 	0 	5 	0 	0 	1.4400 		 	1.0000
331 	0 	0 	0 	0 	6 	0 	0 	4 	0 	0 	3 	0 	0 	0 	3 	0 	0 	2 	0 	4 	1.2601 		 	1.0000
332 	2 	0 	0 	0 	0 	0 	0 	0 	0 	0 	0 	0 	0 	4 	0 	0 	0 	7 	0 	3 	1.7137 		 	0.7273
333 	0 	0 	0 	0 	0 	0 	0 	0 	0 	2 	0 	0 	0 	0 	0 	0 	0 	10 	0 	4 	2.0955 		 	0.7273
334 	0 	0 	0 	0 	0 	0 	0 	0 	3 	0 	2 	0 	7 	0 	0 	0 	8 	0 	0 	2 	1.5558 		 	1.0000
335 	5 	0 	0 	0 	0 	6 	6 	3 	0 	2 	0 	0 	0 	0 	0 	0 	0 	0 	0 	0 	1.4606 		 	1.0000
336 	6 	0 	2 	0 	4 	3 	0 	0 	0 	0 	0 	0 	0 	0 	0 	0 	5 	2 	0 	0 	1.2870 		 	1.0000
337 	0 	0 	0 	0 	4 	0 	0 	0 	0 	5 	4 	0 	0 	0 	0 	0 	0 	2 	0 	0 	1.6559 		 	0.6818
338 	0 	0 	0 	0 	0 	0 	0 	0 	0 	0 	0 	0 	0 	0 	0 	2 	13 	0 	0 	0 	2.6031 		 	0.6818
339 	0 	0 	0 	5 	0 	0 	0 	0 	0 	0 	0 	0 	6 	0 	0 	4 	0 	0 	0 	0 	1.9105 		 	0.6818
340 	0 	0 	9 	0 	0 	0 	0 	0 	4 	0 	0 	0 	0 	0 	0 	2 	0 	0 	0 	0 	2.0681 		 	0.6818
341 	0 	0 	0 	0 	15 	0 	0 	0 	0 	0 	0 	0 	0 	0 	0 	0 	0 	0 	0 	0 	2.9957 		 	0.6818
342 	0 	0 	0 	0 	5 	0 	0 	0 	0 	4 	4 	0 	0 	0 	0 	0 	0 	2 	0 	0 	1.6559 		 	0.6818
343 	0 	0 	0 	0 	0 	0 	0 	6 	0 	0 	4 	0 	0 	0 	0 	0 	0 	5 	0 	0 	1.9105 		 	0.6818
344 	0 	0 	0 	0 	0 	4 	0 	2 	2 	4 	0 	0 	0 	3 	0 	0 	0 	7 	0 	0 	1.3038 		 	1.0000
345 	0 	0 	0 	0 	0 	0 	0 	0 	2 	0 	0 	0 	0 	0 	0 	2 	14 	0 	0 	4 	1.9622 		 	1.0000
346 	0 	0 	0 	0 	0 	0 	0 	4 	0 	9 	0 	0 	0 	0 	0 	0 	0 	5 	0 	4 	1.6734 		 	1.0000
347 	2 	0 	3 	2 	0 	0 	2 	0 	4 	0 	0 	2 	0 	4 	0 	3 	0 	0 	0 	0 	0.9605 		 	1.0000
348 	2 	0 	0 	0 	0 	0 	0 	3 	0 	0 	0 	6 	0 	0 	9 	0 	2 	0 	0 	0 	1.5681 		 	1.0000
349 	0 	0 	0 	0 	0 	0 	0 	0 	0 	0 	0 	0 	0 	0 	2 	0 	0 	11 	0 	0 	2.5664 		 	0.5909
350 	0 	0 	0 	0 	0 	5 	0 	0 	0 	0 	0 	0 	0 	0 	0 	2 	6 	0 	0 	0 	1.9834 		 	0.5909
351 	0 	0 	3 	4 	0 	0 	0 	0 	2 	0 	0 	2 	0 	0 	0 	2 	0 	0 	0 	0 	1.4308 		 	0.5909
352 	0 	0 	2 	2 	0 	0 	0 	0 	4 	0 	0 	0 	5 	0 	0 	0 	0 	0 	0 	0 	1.6896 		 	0.5909
353 	5 	0 	3 	0 	0 	6 	0 	0 	0 	0 	0 	0 	4 	0 	0 	0 	4 	0 	0 	0 	1.4131 		 	1.0000
354 	0 	0 	12 	0 	0 	0 	0 	0 	0 	0 	0 	2 	0 	0 	0 	0 	2 	0 	0 	0 	2.2601 		 	0.7273
355 	4 	0 	3 	11 	0 	0 	0 	0 	0 	0 	2 	0 	0 	0 	0 	0 	0 	0 	0 	0 	1.8302 		 	0.9091
356 	0 	0 	2 	0 	0 	4 	4 	0 	0 	0 	0 	5 	0 	0 	0 	0 	5 	0 	2 	0 	1.2664 		 	1.0000
357 	4 	0 	6 	0 	2 	0 	0 	0 	0 	0 	0 	0 	6 	0 	0 	0 	0 	4 	0 	0 	1.4491 		 	1.0000
358 	0 	0 	0 	0 	0 	0 	0 	0 	0 	8 	3 	0 	5 	2 	0 	2 	0 	2 	0 	0 	1.3655 		 	1.0000
359 	2 	0 	0 	0 	0 	3 	2 	0 	0 	5 	0 	0 	0 	0 	0 	4 	4 	2 	0 	0 	1.1134 		 	1.0000
360 	3 	0 	0 	0 	2 	0 	0 	0 	0 	9 	4 	2 	0 	0 	0 	0 	0 	2 	0 	0 	1.3945 		 	1.0000
361 	0 	0 	0 	0 	0 	0 	0 	7 	0 	7 	4 	0 	2 	0 	0 	0 	0 	2 	0 	0 	1.5211 		 	1.0000
362 	0 	0 	0 	0 	11 	0 	0 	0 	0 	0 	0 	0 	0 	0 	0 	0 	0 	0 	0 	4 	2.4158 		 	0.6818
363 	0 	0 	0 	0 	0 	15 	0 	0 	0 	0 	0 	0 	0 	0 	0 	0 	0 	0 	0 	0 	2.9957 		 	0.6818
364 	0 	0 	0 	0 	0 	0 	3 	0 	4 	2 	0 	6 	0 	0 	0 	0 	0 	0 	0 	0 	1.6862 		 	0.6818
365 	0 	0 	0 	0 	0 	0 	0 	0 	0 	3 	0 	0 	2 	0 	0 	0 	8 	2 	0 	0 	1.8013 		 	0.6818
366 	0 	0 	2 	0 	0 	0 	0 	0 	4 	0 	0 	0 	3 	0 	0 	2 	4 	0 	0 	0 	1.4316 		 	0.6818
367 	0 	0 	6 	0 	0 	0 	0 	0 	0 	0 	0 	0 	0 	0 	5 	4 	0 	0 	0 	0 	1.9105 		 	0.6818
368 	0 	0 	0 	0 	0 	0 	0 	6 	0 	6 	0 	0 	0 	0 	0 	0 	0 	3 	0 	0 	1.9408 		 	0.6818
369 	0 	0 	0 	0 	0 	0 	0 	0 	0 	0 	0 	0 	13 	0 	0 	0 	0 	0 	0 	0 	2.9957 		 	0.5909
370 	0 	0 	4 	0 	2 	7 	0 	0 	0 	3 	0 	4 	0 	0 	0 	2 	0 	0 	0 	0 	1.3038 		 	1.0000
371 	0 	0 	0 	0 	9 	0 	0 	0 	0 	6 	0 	0 	7 	0 	0 	0 	0 	0 	0 	0 	1.9114 		 	1.0000
372 	0 	0 	2 	0 	0 	0 	0 	0 	11 	0 	0 	0 	5 	0 	4 	0 	0 	0 	0 	0 	1.7845 		 	1.0000
373 	11 	0 	0 	0 	0 	9 	0 	0 	0 	0 	0 	0 	2 	0 	0 	0 	0 	0 	0 	0 	2.0655 		 	1.0000
374 	0 	0 	0 	0 	0 	7 	2 	0 	0 	0 	0 	0 	13 	0 	0 	0 	0 	0 	0 	0 	2.1025 		 	1.0000
375 	2 	0 	0 	0 	6 	0 	0 	0 	0 	0 	0 	0 	7 	0 	0 	0 	0 	0 	0 	7 	1.6947 		 	1.0000
376 	0 	0 	0 	0 	0 	0 	0 	0 	2 	0 	0 	0 	0 	3 	9 	6 	2 	0 	0 	0 	1.5681 		 	1.0000
377 	0 	0 	0 	0 	0 	0 	0 	0 	6 	0 	0 	0 	0 	0 	3 	0 	0 	0 	0 	13 	2.0588 		 	1.0000
378 	0 	0 	5 	0 	0 	0 	0 	0 	0 	0 	0 	0 	4 	0 	7 	6 	0 	0 	0 	0 	1.6303 		 	1.0000
379 	0 	0 	0 	2 	0 	0 	0 	0 	0 	0 	0 	3 	0 	0 	0 	10 	0 	7 	0 	0 	1.7833 		 	1.0000
380 	0 	0 	0 	0 	14 	0 	0 	0 	0 	6 	0 	0 	0 	0 	0 	0 	0 	0 	0 	2 	2.1358 		 	1.0000
381 	0 	0 	0 	0 	0 	0 	0 	9 	0 	2 	0 	0 	0 	0 	0 	0 	6 	5 	0 	0 	1.7210 		 	1.0000
382 	0 	0 	0 	0 	6 	0 	0 	0 	0 	10 	0 	0 	0 	0 	0 	4 	0 	0 	0 	2 	1.7550 		 	1.0000
383 	6 	0 	0 	0 	0 	7 	0 	0 	4 	0 	0 	0 	0 	0 	5 	0 	0 	0 	0 	0 	1.6303 		 	1.0000
384 	2 	0 	0 	0 	0 	0 	0 	0 	0 	0 	0 	0 	0 	13 	4 	3 	0 	0 	0 	0 	1.8852 		 	1.0000
385 	0 	0 	0 	0 	0 	2 	0 	0 	0 	3 	0 	2 	2 	0 	0 	4 	9 	0 	0 	0 	1.3945 		 	1.0000
386 	0 	0 	0 	0 	0 	0 	0 	0 	0 	2 	0 	0 	0 	0 	0 	0 	5 	0 	0 	0 	2.3975 		 	0.3182
387 	0 	0 	2 	0 	0 	0 	0 	0 	0 	0 	0 	0 	2 	0 	3 	0 	0 	0 	0 	0 	1.9167 		 	0.3182
388 	5 	0 	0 	0 	0 	0 	0 	0 	0 	0 	2 	0 	0 	0 	0 	0 	0 	0 	0 	0 	2.3975 		 	0.3182
389 	0 	0 	5 	0 	0 	0 	0 	0 	0 	0 	0 	2 	0 	0 	0 	0 	0 	0 	0 	0 	2.3975 		 	0.3182
390 	0 	0 	0 	0 	0 	0 	0 	0 	0 	0 	0 	5 	0 	0 	0 	0 	0 	0 	0 	0 	2.9957 		 	0.2273
391 	0 	0 	0 	0 	0 	5 	0 	0 	0 	0 	0 	0 	0 	0 	0 	0 	0 	0 	0 	0 	2.9957 		 	0.2273
392 	0 	0 	0 	0 	2 	0 	0 	0 	0 	0 	0 	0 	0 	0 	0 	5 	0 	0 	0 	0 	2.3975 		 	0.3182
393 	7 	0 	0 	3 	0 	4 	0 	0 	0 	4 	0 	0 	0 	0 	0 	2 	0 	2 	0 	0 	1.3038 		 	1.0000
394 	0 	0 	4 	0 	0 	0 	0 	0 	7 	5 	0 	0 	0 	0 	0 	2 	4 	0 	0 	0 	1.4567 		 	1.0000
395 	0 	0 	11 	0 	0 	0 	5 	0 	0 	0 	0 	0 	0 	0 	0 	0 	0 	0 	0 	6 	1.9581 		 	1.0000
396 	9 	0 	6 	3 	0 	0 	0 	0 	0 	0 	0 	0 	0 	0 	0 	4 	0 	0 	0 	0 	1.6941 		 	1.0000
397 	0 	0 	0 	0 	0 	0 	0 	0 	0 	20 	0 	0 	0 	0 	0 	0 	2 	0 	0 	0 	2.6911 		 	1.0000
398 	0 	0 	0 	0 	0 	0 	0 	0 	0 	9 	0 	0 	0 	0 	5 	0 	0 	8 	0 	0 	1.9255 		 	1.0000
399 	2 	0 	2 	0 	0 	0 	0 	4 	0 	6 	0 	0 	0 	0 	5 	0 	0 	3 	0 	0 	1.2870 		 	1.0000
400 	0 	0 	0 	0 	0 	0 	0 	10 	0 	3 	0 	0 	0 	0 	0 	0 	0 	9 	0 	0 	2.0000 		 	1.0000
401 	0 	0 	0 	0 	0 	0 	0 	0 	0 	2 	0 	0 	0 	0 	0 	0 	6 	7 	0 	0 	2.0049 		 	0.6818
402 	0 	0 	0 	4 	0 	0 	0 	0 	5 	0 	0 	0 	2 	0 	0 	0 	4 	0 	0 	0 	1.6559 		 	0.6818
403 	0 	0 	0 	0 	4 	0 	0 	0 	11 	0 	0 	0 	0 	0 	0 	0 	0 	0 	0 	0 	2.4158 		 	0.6818
404 	3 	2 	8 	0 	0 	3 	0 	0 	0 	0 	0 	0 	0 	0 	0 	0 	2 	4 	0 	0 	1.3386 		 	1.0000
405 	2 	0 	0 	0 	0 	5 	4 	0 	0 	0 	0 	0 	0 	3 	0 	2 	2 	4 	0 	0 	1.1134 		 	1.0000
406 	0 	0 	0 	0 	0 	0 	0 	4 	0 	3 	0 	0 	0 	0 	0 	0 	0 	2 	0 	13 	1.8852 		 	1.0000
407 	4 	0 	4 	2 	0 	0 	0 	0 	0 	0 	0 	3 	7 	2 	0 	0 	0 	0 	0 	0 	1.3038 		 	1.0000
408 	0 	0 	0 	9 	0 	0 	0 	0 	0 	0 	0 	4 	0 	0 	5 	0 	0 	2 	0 	0 	1.7377 		 	0.9091
409 	0 	0 	0 	9 	6 	0 	3 	0 	0 	0 	0 	0 	0 	2 	0 	0 	0 	0 	0 	0 	1.7604 		 	0.9091
410 	0 	0 	0 	0 	0 	0 	0 	0 	0 	0 	0 	0 	0 	0 	0 	0 	0 	0 	0 	6 	2.9957 		 	0.2727
411 	0 	0 	0 	0 	0 	0 	0 	0 	0 	0 	0 	0 	2 	0 	4 	3 	0 	0 	0 	0 	1.9349 		 	0.4091
412 	0 	0 	0 	0 	6 	0 	0 	0 	0 	0 	0 	0 	0 	0 	0 	0 	0 	0 	0 	3 	2.3592 		 	0.4091
413 	0 	0 	0 	0 	0 	0 	0 	4 	0 	5 	0 	0 	0 	0 	0 	0 	0 	0 	0 	0 	2.3088 		 	0.4091
414 	0 	0 	0 	0 	0 	0 	0 	0 	5 	0 	0 	0 	0 	0 	0 	4 	0 	0 	0 	0 	2.3088 		 	0.4091
415 	0 	0 	7 	0 	0 	0 	0 	0 	0 	0 	0 	0 	0 	0 	0 	0 	0 	0 	0 	0 	2.9957 		 	0.3182
416 	4 	0 	0 	0 	0 	0 	4 	2 	0 	0 	0 	0 	2 	0 	0 	1 	0 	0 	0 	0 	1.4972 		 	0.5909
417 	0 	0 	5 	0 	0 	0 	0 	0 	0 	0 	0 	4 	0 	0 	0 	0 	6 	0 	0 	0 	1.9105 		 	0.6818
418 	0 	0 	0 	0 	9 	0 	0 	0 	0 	2 	0 	0 	0 	0 	0 	0 	0 	0 	0 	4 	2.0681 		 	0.6818
419 	0 	0 	0 	0 	4 	0 	0 	0 	0 	7 	0 	0 	0 	0 	0 	0 	0 	4 	0 	0 	1.9351 		 	0.6818
420 	0 	0 	9 	0 	0 	0 	0 	0 	0 	0 	0 	0 	0 	0 	0 	0 	2 	4 	0 	0 	2.0681 		 	0.6818
421 	3 	0 	2 	6 	0 	0 	0 	0 	0 	0 	0 	0 	4 	0 	0 	0 	0 	0 	0 	0 	1.6862 		 	0.6818
422 	3 	0 	0 	0 	0 	3 	0 	2 	0 	0 	0 	6 	0 	0 	0 	4 	4 	0 	0 	0 	1.2601 		 	1.0000
423 	0 	0 	0 	0 	0 	0 	0 	0 	0 	13 	0 	0 	0 	0 	0 	0 	5 	0 	2 	2 	1.9121 		 	1.0000
424 	0 	0 	7 	0 	0 	0 	0 	0 	6 	0 	0 	7 	0 	0 	0 	0 	2 	0 	0 	0 	1.6947 		 	1.0000
425 	0 	0 	8 	0 	3 	0 	0 	0 	0 	0 	0 	0 	0 	2 	2 	0 	0 	0 	0 	7 	1.5558 		 	1.0000
426 	5 	0 	0 	0 	0 	0 	0 	2 	0 	0 	4 	5 	0 	0 	2 	0 	0 	4 	0 	0 	1.2664 		 	1.0000
427 	0 	0 	4 	0 	6 	0 	0 	0 	0 	0 	0 	0 	0 	5 	0 	0 	0 	0 	0 	7 	1.6303 		 	1.0000
428 	0 	0 	2 	4 	0 	0 	0 	0 	0 	5 	0 	0 	0 	0 	0 	4 	0 	0 	0 	0 	1.6559 		 	0.6818
429 	0 	0 	3 	0 	0 	0 	0 	0 	0 	0 	0 	2 	0 	0 	4 	0 	0 	0 	0 	0 	1.9349 		 	0.4091
430 	4 	0 	0 	0 	3 	0 	2 	0 	0 	3 	2 	0 	0 	0 	0 	0 	0 	0 	0 	2 	1.2416 		 	0.7273
431 	0 	0 	0 	0 	0 	0 	0 	2 	0 	5 	2 	0 	0 	0 	0 	3 	2 	8 	0 	0 	1.3655 		 	1.0000
432 	3 	0 	0 	6 	0 	0 	0 	0 	0 	0 	0 	0 	0 	0 	0 	9 	4 	0 	0 	0 	1.6941 		 	1.0000
433 	4 	0 	0 	0 	2 	0 	0 	0 	0 	3 	6 	0 	0 	0 	5 	2 	0 	0 	0 	0 	1.2870 		 	1.0000
434 	7 	0 	0 	0 	0 	0 	0 	0 	0 	9 	0 	0 	0 	0 	0 	0 	6 	0 	0 	0 	1.9114 		 	1.0000
435 	4 	0 	0 	0 	0 	0 	2 	2 	0 	4 	0 	0 	2 	0 	3 	0 	0 	0 	0 	5 	1.1134 		 	1.0000
436 	11 	0 	0 	0 	0 	0 	0 	0 	0 	6 	0 	3 	0 	0 	0 	0 	2 	0 	0 	0 	1.8051 		 	1.0000
437 	0 	0 	0 	9 	0 	0 	0 	0 	6 	0 	0 	0 	0 	0 	0 	7 	0 	0 	0 	0 	1.9114 		 	1.0000
438 	2 	0 	0 	0 	16 	0 	0 	0 	0 	0 	0 	0 	0 	0 	0 	0 	0 	0 	0 	4 	2.2362 		 	1.0000
439 	4 	0 	0 	0 	3 	0 	3 	0 	0 	4 	0 	6 	0 	0 	0 	0 	2 	0 	0 	0 	1.2601 		 	1.0000
440 	0 	0 	0 	0 	0 	2 	0 	0 	2 	0 	0 	4 	0 	0 	11 	3 	0 	0 	0 	0 	1.6315 		 	1.0000
441 	0 	0 	0 	0 	0 	0 	0 	0 	0 	6 	0 	0 	0 	0 	0 	0 	2 	0 	0 	7 	2.0049 		 	0.6818
442 	5 	0 	0 	0 	0 	4 	0 	2 	0 	0 	0 	0 	0 	0 	0 	0 	0 	4 	0 	0 	1.6559 		 	0.6818
443 	0 	0 	0 	0 	0 	0 	0 	4 	0 	4 	0 	0 	0 	2 	0 	0 	2 	3 	0 	0 	1.4316 		 	0.6818
444 	0 	0 	3 	0 	0 	0 	0 	0 	0 	0 	0 	0 	0 	8 	0 	0 	2 	2 	0 	0 	1.8013 		 	0.6818
445 	0 	0 	0 	0 	0 	0 	0 	0 	4 	0 	0 	0 	0 	0 	2 	0 	4 	3 	0 	2 	1.4316 		 	0.6818
446 	0 	0 	0 	0 	0 	0 	0 	2 	0 	4 	0 	0 	0 	0 	0 	0 	0 	0 	0 	0 	2.3592 		 	0.2727
447 	0 	0 	0 	0 	0 	0 	0 	0 	0 	0 	0 	0 	0 	0 	0 	0 	0 	6 	0 	0 	2.9957 		 	0.2727
448 	0 	0 	0 	0 	0 	0 	0 	0 	0 	4 	0 	0 	0 	0 	0 	2 	0 	0 	0 	0 	2.3592 		 	0.2727
449 	0 	0 	0 	0 	0 	0 	0 	2 	0 	4 	0 	0 	0 	0 	0 	0 	0 	0 	0 	0 	2.3592 		 	0.2727
450 	0 	0 	0 	6 	0 	0 	0 	2 	0 	7 	0 	0 	0 	0 	0 	0 	0 	0 	0 	0 	2.0049 		 	0.6818
451 	2 	0 	0 	2 	0 	3 	0 	0 	3 	4 	8 	0 	0 	0 	0 	0 	0 	0 	0 	0 	1.3386 		 	1.0000
452 	0 	0 	5 	2 	0 	0 	0 	0 	4 	0 	0 	0 	0 	0 	6 	3 	2 	0 	0 	0 	1.2870 		 	1.0000
453 	3 	0 	0 	0 	0 	13 	0 	0 	0 	0 	0 	0 	2 	0 	2 	0 	2 	0 	0 	0 	1.7592 		 	1.0000
454 	2 	0 	4 	0 	2 	9 	0 	0 	2 	0 	0 	0 	0 	0 	3 	0 	0 	0 	0 	0 	1.3945 		 	1.0000
455 	5 	15 	0 	0 	0 	0 	0 	0 	0 	0 	0 	0 	0 	0 	0 	2 	0 	0 	0 	0 	2.1799 		 	1.0000
456 	2 	0 	2 	0 	0 	2 	0 	0 	4 	0 	0 	0 	0 	3 	4 	0 	0 	0 	0 	0 	1.2534 		 	0.7727
457 	2 	0 	0 	7 	0 	2 	0 	0 	6 	0 	3 	0 	0 	2 	0 	0 	0 	0 	0 	0 	1.3514 		 	1.0000
458 	0 	0 	0 	0 	0 	0 	2 	0 	0 	3 	0 	0 	10 	5 	0 	0 	2 	0 	0 	0 	1.5929 		 	1.0000
459 	0 	0 	9 	6 	0 	3 	0 	0 	0 	0 	0 	2 	0 	0 	0 	0 	0 	2 	0 	0 	1.5681 		 	1.0000
460 	4 	0 	0 	0 	0 	0 	0 	2 	0 	4 	0 	2 	3 	0 	0 	0 	0 	0 	0 	4 	1.2462 		 	0.8636
461 	2 	0 	4 	0 	0 	0 	0 	0 	0 	0 	0 	2 	0 	0 	5 	0 	0 	0 	0 	0 	1.6896 		 	0.5909
462 	4 	0 	0 	2 	0 	0 	0 	0 	2 	0 	0 	0 	7 	0 	3 	0 	4 	0 	0 	0 	1.3038 		 	1.0000
463 	0 	0 	4 	6 	0 	4 	0 	0 	0 	0 	0 	0 	3 	0 	3 	2 	0 	0 	0 	0 	1.2601 		 	1.0000
464 	0 	0 	0 	0 	0 	0 	0 	0 	0 	5 	0 	0 	0 	0 	0 	2 	0 	0 	0 	0 	2.3975 		 	0.3182
465 	0 	0 	0 	0 	5 	0 	0 	6 	0 	0 	0 	0 	0 	0 	0 	0 	9 	0 	0 	2 	1.7210 		 	1.0000
466 	0 	0 	0 	0 	4 	0 	0 	0 	0 	4 	0 	0 	4 	0 	0 	0 	0 	3 	5 	2 	1.2395 		 	1.0000
467 	0 	0 	0 	3 	0 	0 	4 	0 	0 	2 	0 	0 	0 	4 	5 	0 	4 	0 	0 	0 	1.2395 		 	1.0000
468 	0 	0 	0 	0 	0 	0 	0 	2 	0 	7 	7 	0 	0 	0 	0 	0 	4 	2 	0 	0 	1.5211 		 	1.0000
469 	7 	0 	0 	0 	0 	0 	0 	0 	0 	2 	10 	0 	0 	0 	0 	0 	3 	0 	0 	0 	1.7833 		 	1.0000
470 	2 	0 	0 	0 	15 	5 	0 	0 	0 	0 	0 	0 	0 	0 	0 	0 	0 	0 	0 	0 	2.1799 		 	1.0000
471 	3 	0 	0 	4 	0 	0 	0 	0 	0 	11 	0 	0 	0 	2 	2 	0 	0 	0 	0 	0 	1.6315 		 	1.0000
472 	0 	0 	0 	0 	2 	0 	0 	2 	0 	5 	2 	0 	0 	0 	0 	0 	0 	4 	0 	7 	1.3307 		 	1.0000
473 	10 	0 	0 	0 	0 	6 	0 	0 	0 	2 	0 	0 	0 	0 	0 	4 	0 	0 	0 	0 	1.7550 		 	1.0000
474 	0 	0 	0 	0 	0 	0 	0 	4 	0 	5 	0 	0 	0 	0 	0 	2 	5 	6 	0 	0 	1.4400 		 	1.0000
475 	9 	0 	0 	0 	0 	0 	0 	0 	0 	0 	0 	0 	0 	0 	0 	7 	2 	4 	0 	0 	1.7378 		 	1.0000
476 	0 	0 	0 	0 	4 	5 	8 	2 	0 	3 	0 	0 	0 	0 	0 	0 	0 	0 	0 	0 	1.4915 		 	1.0000
477 	0 	0 	0 	0 	22 	0 	0 	0 	0 	0 	0 	0 	0 	0 	0 	0 	0 	0 	0 	0 	2.9957 		 	1.0000
478 	10 	0 	0 	0 	0 	0 	0 	0 	4 	4 	0 	0 	0 	0 	0 	4 	0 	0 	0 	0 	1.7075 		 	1.0000
479 	3 	0 	0 	0 	5 	0 	0 	0 	0 	2 	0 	0 	0 	0 	0 	0 	0 	6 	0 	6 	1.4606 		 	1.0000
480 	5 	0 	0 	0 	0 	4 	0 	0 	0 	0 	0 	0 	0 	0 	0 	8 	0 	5 	0 	0 	1.6445 		 	1.0000
481 	0 	0 	0 	2 	0 	0 	4 	0 	0 	0 	0 	5 	0 	0 	5 	0 	6 	0 	0 	0 	1.4400 		 	1.0000
482 	9 	0 	0 	0 	0 	2 	0 	0 	4 	0 	2 	0 	0 	3 	2 	0 	0 	0 	0 	0 	1.3945 		 	1.0000
483 	5 	0 	0 	3 	0 	4 	0 	2 	0 	0 	0 	4 	0 	0 	0 	0 	0 	4 	0 	0 	1.2395 		 	1.0000
484 	2 	0 	0 	3 	0 	4 	5 	0 	0 	0 	0 	0 	0 	0 	2 	0 	0 	0 	0 	0 	1.4519 		 	0.7273
485 	8 	0 	0 	6 	0 	0 	0 	0 	0 	0 	0 	0 	0 	0 	0 	0 	2 	0 	0 	0 	2.0214 		 	0.7273
486 	0 	0 	2 	0 	0 	3 	4 	0 	0 	0 	0 	3 	0 	0 	0 	0 	10 	0 	0 	0 	1.5660 		 	1.0000
487 	0 	0 	0 	0 	0 	4 	0 	0 	0 	0 	0 	0 	0 	0 	0 	0 	0 	0 	0 	0 	2.9957 		 	0.1818
488 	0 	0 	0 	0 	0 	0 	0 	0 	0 	0 	0 	4 	0 	0 	0 	0 	0 	0 	0 	0 	2.9957 		 	0.1818
489 	2 	0 	2 	2 	0 	13 	0 	0 	0 	0 	0 	0 	0 	0 	2 	0 	1 	0 	0 	0 	1.6724 		 	1.0000
490 	5 	4 	0 	1 	2 	0 	0 	0 	0 	2 	0 	0 	4 	2 	0 	0 	0 	0 	0 	2 	1.0266 		 	1.0000
491 	0 	0 	0 	0 	2 	0 	0 	3 	0 	2 	4 	0 	0 	0 	0 	0 	0 	11 	0 	0 	1.6315 		 	1.0000
492 	0 	3 	4 	2 	0 	0 	0 	0 	0 	2 	0 	0 	6 	0 	2 	3 	0 	0 	0 	0 	1.1341 		 	1.0000
493 	0 	0 	0 	0 	0 	0 	0 	1 	0 	13 	0 	0 	0 	0 	0 	0 	0 	8 	0 	0 	2.1765 		 	1.0000
494 	0 	0 	4 	0 	0 	0 	0 	0 	0 	6 	0 	0 	3 	0 	4 	5 	0 	0 	0 	0 	1.4131 		 	1.0000
495 	0 	2 	5 	4 	0 	0 	0 	0 	0 	0 	0 	0 	0 	0 	7 	0 	0 	0 	4 	0 	1.4567 		 	1.0000
496 	3 	0 	0 	0 	0 	0 	0 	4 	0 	9 	0 	0 	0 	0 	0 	0 	0 	6 	0 	0 	1.6941 		 	1.0000
497 	4 	2 	0 	0 	0 	0 	0 	0 	0 	14 	0 	0 	0 	0 	0 	0 	0 	2 	0 	0 	1.9622 		 	1.0000
498 	0 	0 	5 	0 	0 	5 	0 	0 	8 	0 	0 	2 	0 	0 	2 	0 	0 	0 	0 	0 	1.5184 		 	1.0000
499 	0 	0 	0 	0 	5 	0 	0 	0 	0 	0 	0 	0 	0 	2 	3 	4 	6 	2 	0 	0 	1.2870 		 	1.0000
500 	0 	0 	0 	0 	4 	0 	6 	0 	0 	5 	0 	0 	0 	5 	0 	0 	0 	0 	0 	2 	1.4400 		 	1.0000
501 	10 	0 	0 	4 	4 	0 	0 	0 	0 	0 	0 	0 	0 	2 	0 	0 	0 	0 	0 	2 	1.5815 		 	1.0000
502 	3 	0 	0 	6 	0 	0 	5 	0 	0 	0 	0 	4 	0 	2 	0 	2 	0 	0 	0 	0 	1.2870 		 	1.0000
503 	0 	0 	0 	0 	0 	0 	0 	2 	0 	15 	0 	0 	0 	0 	0 	5 	0 	0 	0 	0 	2.1799 		 	1.0000
504 	0 	0 	0 	0 	0 	0 	0 	2 	2 	7 	0 	0 	0 	0 	5 	0 	4 	0 	0 	2 	1.3307 		 	1.0000
505 	3 	0 	0 	0 	4 	0 	0 	0 	0 	0 	0 	0 	0 	3 	0 	4 	2 	6 	0 	0 	1.2601 		 	1.0000
506 	0 	0 	0 	0 	0 	0 	0 	7 	0 	13 	2 	0 	0 	0 	0 	0 	0 	0 	0 	0 	2.1025 		 	1.0000
507 	5 	0 	4 	0 	0 	2 	0 	0 	4 	0 	0 	2 	0 	3 	2 	0 	0 	0 	0 	0 	1.1134 		 	1.0000
508 	0 	0 	4 	3 	0 	5 	0 	0 	0 	0 	0 	0 	0 	0 	4 	4 	0 	0 	0 	2 	1.2395 		 	1.0000
509 	0 	0 	0 	0 	9 	0 	0 	8 	0 	5 	0 	0 	0 	0 	0 	0 	0 	0 	0 	0 	1.9255 		 	1.0000
510 	5 	0 	0 	0 	0 	0 	0 	0 	0 	2 	0 	0 	0 	0 	0 	0 	0 	0 	0 	0 	2.3975 		 	0.3182
511 	5 	0 	0 	0 	0 	0 	0 	0 	0 	0 	2 	0 	0 	0 	0 	0 	0 	0 	0 	0 	2.3975 		 	0.3182
512 	0 	0 	0 	0 	0 	0 	0 	0 	0 	0 	0 	0 	0 	0 	7 	0 	0 	0 	0 	0 	2.9957 		 	0.3182
513 	0 	0 	0 	0 	0 	5 	0 	2 	0 	0 	0 	0 	0 	0 	0 	0 	0 	0 	0 	0 	2.3975 		 	0.3182
514 	5 	0 	0 	0 	0 	2 	0 	4 	0 	2 	3 	0 	0 	0 	0 	2 	0 	4 	0 	0 	1.1134 		 	1.0000
515 	7 	0 	0 	2 	0 	4 	0 	3 	0 	0 	0 	4 	0 	0 	2 	0 	0 	0 	0 	0 	1.3038 		 	1.0000
516 	0 	0 	0 	0 	0 	7 	0 	4 	2 	2 	0 	0 	0 	0 	4 	0 	3 	0 	0 	0 	1.3038 		 	1.0000
517 	2 	20 	0 	0 	0 	0 	0 	0 	0 	0 	0 	0 	0 	0 	0 	0 	0 	0 	0 	0 	2.6911 		 	1.0000
518 	0 	0 	0 	0 	2 	0 	2 	0 	0 	3 	2 	0 	0 	0 	0 	0 	0 	4 	0 	4 	1.2534 		 	0.7727
519 	0 	0 	0 	0 	0 	4 	0 	0 	2 	0 	0 	4 	4 	0 	0 	3 	0 	0 	0 	0 	1.4165 		 	0.7727
520 	4 	0 	0 	0 	0 	0 	0 	0 	0 	0 	2 	2 	0 	3 	0 	0 	2 	4 	0 	0 	1.2534 		 	0.7727
521 	0 	0 	0 	0 	2 	0 	0 	0 	0 	0 	0 	0 	0 	0 	0 	4 	11 	0 	0 	0 	2.1218 		 	0.7727
522 	0 	0 	0 	4 	0 	0 	0 	2 	2 	0 	0 	0 	3 	0 	0 	0 	2 	4 	0 	0 	1.2534 		 	0.7727
523 	0 	0 	0 	0 	0 	4 	0 	0 	0 	0 	0 	0 	3 	0 	0 	4 	2 	0 	0 	0 	1.6441 		 	0.5909
524 	0 	0 	0 	0 	0 	0 	0 	0 	4 	0 	0 	0 	0 	0 	3 	0 	0 	2 	0 	0 	1.9349 		 	0.4091
525 	0 	0 	0 	0 	0 	6 	0 	0 	0 	0 	0 	0 	0 	0 	0 	0 	0 	0 	0 	0 	2.9957 		 	0.2727
526 	0 	0 	0 	0 	0 	0 	0 	0 	0 	0 	4 	0 	0 	0 	0 	0 	0 	0 	0 	2 	2.3592 		 	0.2727
527 	0 	0 	0 	0 	0 	0 	0 	0 	0 	0 	0 	2 	0 	4 	0 	0 	0 	0 	0 	0 	2.3592 		 	0.2727
528 	0 	0 	0 	0 	0 	0 	2 	0 	0 	0 	0 	0 	0 	0 	0 	4 	0 	0 	0 	0 	2.3592 		 	0.2727
529 	0 	0 	0 	0 	0 	0 	0 	0 	0 	0 	0 	0 	0 	0 	0 	0 	2 	0 	0 	4 	2.3592 		 	0.2727
530 	0 	0 	0 	0 	0 	4 	0 	0 	0 	0 	0 	0 	0 	0 	0 	0 	2 	0 	0 	0 	2.3592 		 	0.2727
531 	0 	0 	0 	0 	0 	0 	0 	0 	0 	6 	0 	0 	0 	0 	0 	0 	0 	0 	0 	0 	2.9957 		 	0.2727
532 	0 	0 	0 	4 	0 	2 	0 	0 	0 	0 	0 	0 	0 	0 	0 	0 	0 	0 	0 	0 	2.3592 		 	0.2727
533 	2 	0 	0 	0 	0 	2 	0 	0 	0 	0 	0 	0 	0 	0 	4 	0 	0 	0 	0 	0 	1.9560 		 	0.3636
534 	5 	0 	0 	0 	0 	0 	0 	0 	0 	4 	0 	0 	0 	0 	0 	0 	2 	2 	0 	0 	1.6896 		 	0.5909
535 	11 	0 	0 	0 	0 	0 	0 	0 	0 	0 	0 	0 	0 	0 	0 	2 	0 	0 	0 	0 	2.5664 		 	0.5909
536 	6 	0 	7 	0 	0 	0 	0 	0 	0 	0 	0 	0 	0 	0 	0 	0 	3 	0 	0 	0 	1.9524 		 	0.7273
537 	0 	0 	0 	0 	0 	0 	0 	0 	0 	2 	3 	0 	0 	0 	0 	5 	5 	1 	0 	0 	1.5217 		 	0.7273
538 	0 	0 	0 	0 	0 	0 	2 	2 	0 	7 	0 	0 	0 	2 	0 	0 	4 	5 	0 	0 	1.3307 		 	1.0000
539 	0 	0 	0 	0 	7 	0 	0 	4 	0 	7 	4 	0 	0 	0 	0 	0 	0 	0 	0 	0 	1.6471 		 	1.0000
540 	8 	0 	0 	0 	3 	0 	0 	0 	0 	7 	0 	0 	0 	4 	0 	0 	0 	0 	0 	0 	1.6819 		 	1.0000
541 	0 	0 	2 	0 	0 	0 	0 	0 	0 	0 	0 	5 	0 	0 	2 	0 	4 	0 	0 	9 	1.5474 		 	1.0000
542 	0 	0 	0 	0 	0 	0 	0 	0 	0 	0 	0 	0 	11 	0 	0 	0 	0 	11 	0 	0 	2.3026 		 	1.0000
543 	0 	0 	0 	2 	0 	0 	0 	0 	8 	0 	0 	0 	0 	0 	0 	9 	3 	0 	0 	0 	1.7725 		 	1.0000
544 	0 	0 	0 	0 	0 	0 	0 	0 	0 	0 	0 	0 	0 	2 	0 	0 	0 	5 	0 	0 	2.3975 		 	0.3182
545 	0 	0 	0 	0 	0 	0 	0 	0 	0 	7 	0 	0 	0 	0 	0 	0 	0 	0 	0 	0 	2.9957 		 	0.3182
546 	0 	0 	5 	0 	0 	0 	2 	0 	0 	0 	0 	0 	0 	0 	0 	0 	0 	0 	0 	0 	2.3975 		 	0.3182
547 	0 	0 	2 	0 	0 	0 	0 	0 	0 	0 	0 	0 	5 	0 	0 	0 	0 	0 	0 	0 	2.3975 		 	0.3182
548 	2 	0 	0 	2 	0 	0 	0 	0 	0 	0 	0 	0 	0 	0 	0 	0 	3 	0 	0 	0 	1.9167 		 	0.3182
549 	5 	0 	0 	0 	0 	0 	0 	0 	0 	2 	0 	0 	0 	0 	0 	0 	0 	0 	0 	0 	2.3975 		 	0.3182
550 	0 	0 	0 	0 	0 	0 	0 	0 	0 	0 	0 	0 	0 	0 	5 	2 	0 	0 	0 	0 	2.3975 		 	0.3182
551 	0 	0 	0 	0 	0 	0 	0 	0 	0 	7 	0 	0 	0 	0 	0 	0 	0 	0 	0 	0 	2.9957 		 	0.3182
552 	0 	0 	0 	0 	0 	0 	0 	0 	0 	2 	0 	0 	0 	3 	2 	0 	0 	0 	0 	0 	1.9167 		 	0.3182
553 	0 	0 	0 	0 	0 	0 	0 	0 	0 	5 	0 	0 	0 	0 	0 	0 	0 	0 	0 	0 	2.9957 		 	0.2273
554 	5 	0 	0 	5 	0 	0 	0 	0 	0 	0 	10 	0 	0 	0 	0 	0 	0 	0 	0 	0 	1.9560 		 	0.9091
555 	5 	0 	0 	6 	0 	0 	0 	0 	4 	0 	0 	0 	0 	0 	0 	0 	2 	3 	0 	0 	1.4513 		 	0.9091
556 	0 	0 	3 	8 	0 	0 	0 	0 	4 	0 	0 	0 	0 	0 	5 	0 	0 	0 	0 	0 	1.6762 		 	0.9091
557 	0 	0 	0 	0 	6 	0 	0 	0 	0 	16 	0 	0 	0 	0 	0 	0 	0 	0 	0 	0 	2.4098 		 	1.0000
558 	5 	0 	0 	0 	0 	8 	0 	0 	0 	4 	0 	0 	0 	5 	0 	0 	0 	0 	0 	0 	1.6445 		 	1.0000
559 	0 	0 	0 	0 	0 	0 	9 	0 	7 	0 	0 	2 	0 	2 	0 	2 	0 	0 	0 	0 	1.6117 		 	1.0000
560 	0 	0 	0 	0 	2 	0 	0 	0 	0 	11 	0 	0 	0 	0 	3 	0 	0 	2 	0 	4 	1.6315 		 	1.0000
561 	3 	0 	0 	4 	0 	0 	0 	0 	2 	0 	0 	0 	2 	2 	0 	0 	4 	5 	0 	0 	1.1134 		 	1.0000
562 	5 	0 	0 	0 	0 	0 	0 	0 	0 	5 	0 	0 	6 	0 	2 	0 	4 	0 	0 	0 	1.4400 		 	1.0000
563 	4 	0 	0 	7 	0 	0 	0 	0 	0 	0 	0 	0 	0 	0 	0 	6 	0 	2 	3 	0 	1.4774 		 	1.0000
564 	0 	0 	6 	0 	0 	0 	0 	5 	4 	0 	0 	2 	0 	0 	0 	2 	3 	0 	0 	0 	1.2870 		 	1.0000
565 	0 	0 	0 	0 	0 	0 	0 	0 	0 	5 	0 	0 	3 	6 	0 	0 	0 	2 	0 	6 	1.4606 		 	1.0000
566 	0 	0 	3 	11 	0 	0 	0 	0 	0 	0 	0 	2 	0 	0 	0 	6 	0 	0 	0 	0 	1.8051 		 	1.0000
567 	0 	0 	0 	0 	0 	0 	0 	0 	0 	0 	0 	0 	0 	3 	5 	0 	2 	0 	0 	12 	1.8387 		 	1.0000
568 	4 	0 	0 	5 	2 	0 	0 	9 	0 	0 	0 	0 	0 	0 	0 	0 	0 	2 	0 	0 	1.5474 		 	1.0000
569 	0 	0 	0 	0 	0 	0 	0 	2 	0 	0 	0 	0 	0 	5 	0 	0 	9 	0 	0 	0 	2.0487 		 	0.7273
570 	0 	0 	3 	0 	0 	0 	0 	0 	4 	0 	0 	0 	0 	0 	0 	9 	0 	0 	0 	0 	2.0116 		 	0.7273
571 	0 	0 	2 	0 	0 	0 	0 	0 	0 	5 	0 	4 	0 	0 	0 	0 	0 	0 	0 	2 	1.6896 		 	0.5909
572 	4 	0 	2 	0 	0 	0 	0 	0 	4 	2 	0 	0 	0 	0 	0 	0 	0 	1 	0 	0 	1.4972 		 	0.5909
573 	2 	0 	0 	2 	0 	0 	0 	0 	0 	3 	0 	0 	0 	0 	0 	4 	2 	0 	0 	0 	1.4308 		 	0.5909
574 	2 	0 	0 	0 	0 	0 	5 	9 	0 	0 	0 	0 	0 	0 	0 	0 	0 	0 	0 	0 	2.0487 		 	0.7273
575 	5 	0 	0 	0 	0 	0 	0 	0 	0 	0 	0 	0 	4 	0 	2 	2 	3 	0 	0 	0 	1.4519 		 	0.7273
576 	0 	0 	2 	0 	0 	0 	0 	2 	0 	5 	0 	0 	0 	0 	0 	3 	0 	4 	0 	0 	1.4519 		 	0.7273
577 	0 	0 	0 	0 	0 	5 	0 	0 	0 	3 	0 	0 	0 	2 	0 	6 	0 	0 	0 	0 	1.6906 		 	0.7273
578 	2 	0 	0 	0 	0 	0 	0 	0 	0 	2 	0 	0 	0 	0 	0 	0 	4 	3 	0 	5 	1.4519 		 	0.7273
579 	0 	0 	0 	0 	0 	0 	0 	0 	4 	4 	0 	0 	0 	5 	3 	0 	0 	0 	0 	0 	1.6252 		 	0.7273
580 	0 	0 	0 	0 	0 	0 	0 	0 	0 	14 	0 	0 	0 	0 	0 	0 	2 	0 	0 	0 	2.6190 		 	0.7273
581 	9 	0 	0 	0 	0 	0 	0 	0 	0 	6 	0 	0 	0 	0 	0 	0 	4 	3 	0 	0 	1.6941 		 	1.0000
582 	2 	0 	0 	0 	7 	0 	0 	0 	0 	0 	0 	0 	0 	0 	4 	0 	0 	0 	0 	9 	1.7378 		 	1.0000
583 	2 	0 	0 	0 	0 	0 	0 	3 	0 	10 	2 	0 	0 	0 	0 	0 	0 	5 	0 	0 	1.5929 		 	1.0000
584 	8 	0 	0 	0 	0 	0 	0 	0 	0 	10 	0 	0 	0 	0 	0 	2 	0 	2 	0 	0 	1.8335 		 	1.0000
585 	0 	0 	5 	0 	0 	0 	0 	0 	0 	2 	0 	0 	0 	2 	0 	5 	8 	0 	0 	0 	1.5184 		 	1.0000
586 	6 	0 	0 	0 	0 	0 	0 	0 	3 	2 	0 	0 	0 	0 	2 	5 	0 	4 	0 	0 	1.2870 		 	1.0000
587 	0 	0 	2 	0 	0 	8 	0 	0 	0 	0 	0 	0 	5 	3 	0 	0 	0 	0 	0 	4 	1.4915 		 	1.0000
588 	4 	0 	0 	4 	0 	2 	0 	0 	0 	0 	0 	3 	0 	2 	0 	3 	0 	0 	0 	4 	1.0865 		 	1.0000
589 	5 	0 	2 	0 	0 	0 	0 	0 	0 	0 	0 	0 	4 	3 	4 	2 	2 	0 	0 	0 	1.1134 		 	1.0000
590 	0 	0 	2 	0 	0 	0 	2 	2 	4 	0 	0 	4 	0 	3 	0 	0 	0 	0 	0 	5 	1.1134 		 	1.0000
591 	4 	0 	0 	0 	0 	2 	3 	0 	0 	0 	0 	0 	0 	0 	0 	0 	0 	6 	0 	0 	1.6862 		 	0.6818
592 	2 	0 	0 	0 	0 	4 	0 	0 	0 	3 	0 	0 	0 	0 	0 	0 	6 	0 	0 	0 	1.6862 		 	0.6818
593 	0 	0 	0 	0 	0 	0 	0 	7 	0 	0 	0 	0 	0 	0 	0 	0 	0 	8 	0 	0 	2.3048 		 	0.6818
594 	0 	0 	0 	0 	0 	0 	0 	0 	0 	0 	0 	0 	7 	0 	0 	4 	0 	0 	0 	4 	1.9351 		 	0.6818
595 	0 	0 	3 	0 	0 	2 	0 	0 	2 	0 	0 	0 	0 	5 	2 	6 	0 	2 	0 	0 	1.1610 		 	1.0000
596 	5 	0 	0 	0 	0 	4 	0 	0 	0 	0 	0 	4 	0 	0 	0 	2 	0 	0 	3 	4 	1.2395 		 	1.0000
597 	5 	0 	0 	0 	0 	0 	0 	2 	6 	4 	0 	0 	0 	0 	0 	0 	0 	5 	0 	0 	1.4400 		 	1.0000
598 	5 	0 	0 	0 	0 	0 	0 	4 	0 	7 	0 	0 	0 	0 	0 	0 	0 	0 	6 	0 	1.6303 		 	1.0000
599 	0 	0 	0 	2 	0 	4 	0 	0 	2 	0 	0 	0 	4 	0 	3 	4 	2 	0 	0 	0 	1.0984 		 	0.9545
600 	0 	0 	4 	2 	0 	6 	0 	0 	0 	2 	0 	0 	0 	3 	0 	5 	0 	0 	0 	0 	1.2870 		 	1.0000
601 	11 	0 	0 	0 	0 	0 	0 	11 	0 	0 	0 	0 	0 	0 	0 	0 	0 	0 	0 	0 	2.3026 		 	1.0000
602 	13 	0 	0 	2 	0 	0 	0 	0 	0 	0 	0 	0 	0 	0 	3 	0 	4 	0 	0 	0 	1.8852 		 	1.0000
603 	0 	0 	3 	0 	0 	0 	3 	0 	0 	0 	2 	6 	1 	0 	3 	4 	0 	0 	0 	0 	1.1579 		 	1.0000
604 	0 	0 	0 	0 	3 	0 	0 	0 	0 	4 	0 	2 	0 	0 	0 	0 	4 	8 	0 	0 	1.4944 		 	0.9545
605 	3 	0 	0 	0 	0 	0 	0 	8 	0 	8 	0 	0 	0 	0 	0 	0 	0 	2 	0 	0 	1.7585 		 	0.9545
606 	0 	0 	4 	4 	0 	0 	0 	0 	0 	7 	2 	0 	0 	4 	0 	0 	0 	0 	0 	0 	1.4580 		 	0.9545
607 	4 	0 	0 	0 	0 	0 	2 	0 	4 	0 	0 	2 	0 	1 	0 	6 	2 	0 	0 	0 	1.1893 		 	0.9545
608 	4 	0 	0 	0 	0 	0 	0 	6 	0 	9 	2 	0 	0 	0 	0 	0 	0 	0 	0 	0 	1.7349 		 	0.9545
609 	0 	0 	0 	0 	0 	0 	3 	0 	0 	0 	0 	0 	0 	0 	0 	0 	0 	0 	0 	18 	2.5856 		 	0.9545
610 	4 	0 	0 	6 	0 	0 	0 	0 	5 	0 	0 	4 	0 	0 	0 	0 	2 	0 	0 	0 	1.4405 		 	0.9545
611 	2 	0 	0 	4 	0 	2 	0 	0 	6 	0 	0 	0 	0 	0 	4 	0 	3 	0 	0 	0 	1.2802 		 	0.9545
612 	0 	0 	0 	0 	4 	0 	13 	0 	0 	2 	0 	0 	0 	0 	0 	0 	0 	0 	0 	2 	1.9351 		 	0.9545
613 	0 	0 	0 	0 	0 	0 	0 	0 	2 	6 	4 	0 	4 	0 	0 	0 	2 	0 	0 	0 	1.4728 		 	0.8182
614 	0 	0 	0 	0 	4 	4 	0 	0 	0 	9 	0 	0 	0 	0 	0 	0 	0 	2 	0 	2 	1.5530 		 	0.9545
615 	3 	0 	0 	0 	10 	4 	0 	0 	2 	0 	0 	0 	0 	0 	0 	0 	0 	2 	0 	0 	1.6007 		 	0.9545
616 	0 	0 	0 	0 	0 	0 	0 	0 	0 	0 	0 	0 	0 	6 	4 	3 	6 	0 	0 	2 	1.4621 		 	0.9545
617 	1 	0 	0 	0 	3 	0 	0 	0 	0 	0 	0 	8 	4 	0 	0 	0 	2 	3 	0 	0 	1.3873 		 	0.9545
618 	0 	0 	0 	0 	0 	0 	0 	0 	0 	20 	0 	0 	0 	0 	0 	0 	0 	1 	0 	0 	2.8043 		 	0.9545
619 	0 	0 	0 	0 	0 	2 	4 	0 	0 	0 	0 	2 	0 	0 	0 	3 	10 	0 	0 	0 	1.6007 		 	0.9545
620 	6 	0 	2 	0 	4 	0 	0 	0 	0 	0 	0 	0 	0 	2 	0 	0 	7 	0 	0 	0 	1.5079 		 	0.9545
621 	0 	0 	0 	0 	0 	0 	0 	0 	0 	0 	0 	0 	4 	0 	0 	0 	0 	0 	0 	0 	2.9957 		 	0.1818
622 	0 	0 	0 	0 	3 	0 	0 	0 	0 	0 	1 	0 	2 	0 	0 	4 	4 	7 	0 	0 	1.3509 		 	0.9545
623 	3 	0 	4 	6 	0 	0 	0 	0 	0 	0 	4 	0 	0 	0 	0 	0 	0 	4 	0 	0 	1.4123 		 	0.9545
624 	0 	0 	0 	0 	0 	0 	3 	0 	0 	0 	0 	0 	0 	0 	18 	0 	0 	0 	0 	0 	2.5856 		 	0.9545
625 	2 	0 	0 	8 	0 	0 	0 	0 	0 	0 	0 	0 	0 	5 	4 	0 	0 	0 	0 	0 	1.7152 		 	0.8636
626 	6 	0 	0 	3 	0 	0 	0 	0 	2 	0 	0 	2 	0 	0 	0 	0 	8 	0 	0 	0 	1.5443 		 	0.9545
627 	0 	0 	0 	0 	0 	0 	0 	0 	0 	21 	0 	0 	0 	0 	0 	0 	0 	0 	0 	0 	2.9957 		 	0.9545
628 	0 	0 	0 	0 	16 	0 	0 	0 	0 	0 	2 	0 	0 	0 	0 	0 	0 	0 	0 	3 	2.2866 		 	0.9545
629 	0 	0 	0 	0 	2 	0 	0 	4 	0 	7 	4 	0 	0 	0 	0 	0 	0 	0 	0 	4 	1.4580 		 	0.9545
630 	6 	0 	2 	0 	0 	4 	0 	0 	0 	6 	3 	0 	0 	0 	0 	0 	0 	0 	0 	0 	1.4621 		 	0.9545
631 	4 	0 	0 	0 	0 	3 	0 	2 	0 	0 	0 	0 	0 	0 	0 	11 	1 	0 	0 	0 	1.6943 		 	0.9545
632 	4 	0 	0 	6 	0 	0 	6 	0 	0 	0 	2 	0 	0 	0 	0 	3 	0 	0 	0 	0 	1.4621 		 	0.9545
633 	0 	0 	0 	0 	0 	0 	0 	8 	0 	3 	0 	0 	0 	0 	0 	0 	2 	8 	0 	0 	1.7585 		 	0.9545
634 	4 	0 	0 	0 	0 	2 	0 	0 	0 	6 	0 	0 	0 	0 	0 	0 	0 	9 	0 	0 	1.7349 		 	0.9545
635 	0 	0 	0 	0 	0 	0 	3 	0 	0 	6 	0 	6 	0 	0 	0 	0 	0 	0 	0 	0 	1.9408 		 	0.6818
636 	0 	0 	0 	0 	2 	0 	0 	2 	0 	0 	0 	0 	0 	0 	8 	5 	2 	0 	0 	0 	1.5693 		 	0.8636
637 	1 	0 	2 	4 	0 	0 	0 	4 	0 	4 	3 	0 	0 	3 	0 	0 	0 	0 	0 	0 	1.1233 		 	0.9545
638 	0 	0 	0 	0 	0 	0 	0 	0 	0 	7 	0 	2 	8 	0 	0 	2 	0 	2 	0 	0 	1.5901 		 	0.9545
639 	2 	2 	0 	0 	8 	0 	0 	0 	0 	0 	0 	0 	0 	0 	4 	0 	2 	3 	0 	0 	1.3624 		 	0.9545
640 	0 	0 	0 	0 	0 	0 	0 	0 	0 	8 	0 	0 	2 	0 	2 	0 	0 	0 	0 	0 	2.1282 		 	0.5455
641 	4 	0 	0 	2 	0 	0 	0 	0 	0 	0 	0 	0 	0 	0 	0 	0 	0 	0 	0 	0 	2.3592 		 	0.2727
642 	0 	0 	0 	0 	0 	6 	0 	0 	0 	0 	0 	0 	0 	0 	0 	0 	0 	0 	0 	0 	2.9957 		 	0.2727
643 	1 	0 	0 	0 	0 	0 	0 	0 	0 	2 	0 	0 	2 	0 	0 	0 	0 	3 	0 	0 	1.6748 		 	0.3636
644 	0 	0 	0 	2 	0 	0 	0 	0 	2 	0 	0 	4 	4 	0 	0 	0 	0 	0 	0 	0 	1.6661 		 	0.5455
645 	0 	0 	2 	0 	0 	0 	0 	0 	0 	0 	0 	2 	0 	0 	0 	4 	0 	4 	0 	0 	1.6661 		 	0.5455
646 	4 	0 	0 	0 	0 	0 	0 	0 	0 	0 	0 	0 	0 	0 	0 	4 	4 	0 	0 	0 	1.8971 		 	0.5455
647 	0 	0 	0 	1 	0 	2 	0 	0 	0 	0 	0 	0 	0 	0 	0 	2 	4 	3 	0 	0 	1.4786 		 	0.5455
648 	0 	0 	4 	0 	0 	0 	3 	0 	0 	0 	0 	0 	0 	10 	2 	0 	0 	2 	0 	0 	1.6007 		 	0.9545
649 	0 	0 	0 	6 	0 	4 	0 	0 	0 	0 	0 	0 	0 	0 	4 	2 	3 	2 	0 	0 	1.2802 		 	0.9545
650 	0 	0 	0 	6 	0 	0 	0 	0 	2 	2 	0 	0 	4 	0 	4 	0 	3 	0 	0 	0 	1.2802 		 	0.9545
651 	0 	0 	2 	3 	0 	0 	0 	2 	2 	0 	4 	4 	0 	0 	4 	0 	0 	0 	0 	0 	1.0984 		 	0.9545
652 	4 	0 	0 	0 	0 	2 	0 	0 	2 	6 	0 	0 	0 	4 	3 	0 	0 	0 	0 	0 	1.2802 		 	0.9545
653 	4 	0 	0 	0 	0 	0 	0 	0 	0 	2 	0 	0 	0 	0 	15 	0 	0 	0 	0 	0 	2.2156 		 	0.9545
654 	0 	0 	0 	3 	0 	0 	4 	0 	2 	4 	0 	0 	0 	0 	6 	0 	2 	0 	0 	0 	1.2802 		 	0.9545
655 	0 	0 	0 	0 	0 	1 	0 	5 	0 	0 	4 	0 	0 	0 	0 	3 	4 	0 	0 	4 	1.2835 		 	0.9545
656 	0 	0 	0 	0 	3 	0 	2 	0 	0 	6 	0 	0 	0 	8 	0 	0 	0 	0 	0 	2 	1.5443 		 	0.9545
657 	0 	0 	0 	0 	0 	0 	0 	3 	0 	16 	0 	0 	0 	0 	0 	0 	0 	2 	0 	0 	2.2866 		 	0.9545
658 	0 	0 	0 	0 	0 	0 	0 	4 	0 	12 	2 	0 	0 	0 	0 	0 	0 	3 	0 	0 	1.8582 		 	0.9545
659 	3 	0 	0 	3 	2 	0 	0 	4 	0 	2 	2 	0 	0 	0 	0 	4 	1 	0 	0 	0 	0.9913 		 	0.9545
660 	2 	0 	0 	0 	0 	4 	0 	0 	0 	0 	0 	0 	0 	0 	0 	3 	12 	0 	0 	0 	1.8582 		 	0.9545
661 	8 	0 	0 	0 	0 	3 	0 	0 	0 	0 	0 	4 	0 	0 	0 	6 	0 	0 	0 	0 	1.6763 		 	0.9545
662 	0 	0 	0 	0 	0 	0 	0 	0 	0 	17 	4 	0 	0 	0 	0 	0 	0 	0 	0 	0 	2.5088 		 	0.9545
663 	0 	21 	0 	0 	0 	0 	0 	0 	0 	0 	0 	0 	0 	0 	0 	0 	0 	0 	0 	0 	2.9957 		 	0.9545
664 	0 	0 	0 	0 	0 	0 	0 	0 	0 	0 	0 	6 	0 	0 	0 	7 	8 	0 	0 	0 	1.9039 		 	0.9545
665 	6 	0 	0 	0 	0 	0 	0 	0 	0 	3 	0 	2 	6 	0 	0 	4 	0 	0 	0 	0 	1.4621 		 	0.9545
666 	5 	0 	4 	0 	0 	0 	0 	2 	0 	6 	0 	0 	0 	0 	0 	0 	0 	4 	0 	0 	1.4405 		 	0.9545
667 	0 	0 	0 	0 	0 	0 	2 	0 	0 	0 	0 	0 	0 	0 	0 	0 	0 	4 	0 	0 	2.3592 		 	0.2727
668 	6 	0 	0 	0 	0 	0 	0 	0 	0 	0 	0 	0 	0 	0 	0 	0 	0 	0 	0 	0 	2.9957 		 	0.2727
669 	4 	0 	0 	0 	0 	0 	0 	0 	0 	0 	0 	0 	0 	0 	0 	0 	2 	0 	0 	0 	2.3592 		 	0.2727
670 	4 	0 	0 	0 	0 	0 	0 	0 	0 	0 	0 	0 	0 	2 	0 	0 	0 	0 	0 	0 	2.3592 		 	0.2727
671 	2 	0 	0 	0 	0 	0 	0 	0 	0 	0 	0 	0 	0 	0 	0 	0 	4 	0 	0 	0 	2.3592 		 	0.2727
672 	2 	0 	0 	0 	0 	0 	1 	0 	0 	0 	0 	3 	0 	0 	0 	0 	0 	0 	0 	0 	1.9843 		 	0.2727
673 	4 	0 	0 	0 	0 	0 	0 	0 	0 	2 	0 	0 	0 	0 	0 	0 	0 	0 	0 	0 	2.3592 		 	0.2727
674 	0 	0 	4 	15 	0 	0 	0 	0 	0 	0 	0 	2 	0 	0 	0 	0 	0 	0 	0 	0 	2.2156 		 	0.9545
675 	0 	0 	0 	0 	0 	0 	0 	10 	0 	9 	2 	0 	0 	0 	0 	0 	0 	0 	0 	0 	2.0554 		 	0.9545
676 	0 	0 	0 	0 	0 	6 	0 	0 	0 	0 	0 	0 	0 	2 	4 	3 	0 	4 	0 	2 	1.2802 		 	0.9545
677 	1 	0 	0 	8 	2 	0 	3 	0 	0 	0 	0 	0 	0 	0 	0 	4 	3 	0 	0 	0 	1.3873 		 	0.9545
678 	4 	0 	0 	0 	3 	2 	0 	0 	0 	0 	2 	0 	0 	0 	0 	0 	0 	4 	6 	0 	1.2802 		 	0.9545
679 	4 	0 	0 	0 	0 	0 	0 	2 	0 	10 	0 	0 	0 	0 	0 	0 	5 	0 	0 	0 	1.7609 		 	0.9545
680 	8 	0 	0 	0 	0 	0 	4 	0 	0 	0 	0 	0 	0 	3 	6 	0 	0 	0 	0 	0 	1.6763 		 	0.9545
681 	0 	0 	0 	0 	0 	4 	0 	0 	0 	3 	6 	0 	0 	0 	6 	0 	0 	0 	0 	2 	1.4621 		 	0.9545
682 	3 	0 	0 	0 	2 	0 	0 	0 	0 	15 	0 	0 	0 	0 	0 	0 	1 	0 	0 	0 	2.1085 		 	0.9545
683 	7 	0 	6 	0 	0 	0 	0 	0 	0 	0 	0 	2 	0 	0 	0 	2 	4 	0 	0 	0 	1.5079 		 	0.9545
684 	4 	0 	0 	0 	0 	0 	7 	0 	2 	4 	0 	0 	2 	0 	0 	0 	0 	0 	0 	0 	1.4978 		 	0.8636
685 	0 	0 	4 	0 	0 	4 	0 	0 	0 	0 	0 	0 	5 	4 	0 	2 	0 	0 	0 	0 	1.4233 		 	0.8636
686 	0 	0 	2 	0 	0 	0 	3 	0 	8 	0 	0 	2 	0 	0 	2 	0 	4 	0 	0 	0 	1.3624 		 	0.9545
687 	4 	0 	0 	4 	0 	0 	5 	0 	0 	0 	0 	1 	0 	0 	0 	2 	3 	2 	0 	0 	1.1515 		 	0.9545
688 	0 	0 	0 	0 	0 	0 	0 	0 	0 	4 	2 	0 	0 	0 	0 	0 	0 	0 	0 	0 	2.3592 		 	0.2727
689 	0 	0 	0 	3 	6 	0 	0 	0 	0 	2 	2 	0 	4 	0 	0 	0 	0 	0 	0 	0 	1.4781 		 	0.7727
690 	0 	0 	2 	0 	0 	0 	0 	0 	0 	0 	0 	6 	0 	0 	0 	0 	2 	0 	4 	3 	1.4781 		 	0.7727
691 	0 	0 	0 	0 	0 	0 	0 	6 	0 	11 	0 	0 	0 	0 	0 	0 	0 	0 	0 	0 	2.3465 		 	0.7727
692 	0 	0 	0 	6 	0 	0 	0 	0 	0 	0 	0 	0 	6 	0 	0 	7 	0 	0 	0 	2 	1.6897 		 	0.9545
693 	0 	0 	7 	0 	0 	4 	0 	0 	0 	0 	0 	6 	0 	0 	2 	0 	2 	0 	0 	0 	1.5079 		 	0.9545
694 	2 	0 	0 	0 	0 	0 	4 	4 	0 	7 	2 	0 	0 	0 	0 	0 	0 	2 	0 	0 	1.3260 		 	0.9545
695 	0 	0 	0 	0 	12 	0 	0 	0 	0 	0 	0 	0 	0 	0 	0 	0 	0 	0 	0 	9 	2.3128 		 	0.9545
696 	0 	0 	0 	0 	0 	0 	0 	0 	0 	0 	0 	0 	0 	0 	0 	18 	3 	0 	0 	0 	2.5856 		 	0.9545
697 	0 	0 	0 	0 	0 	0 	0 	0 	0 	0 	0 	0 	21 	0 	0 	0 	0 	0 	0 	0 	2.9957 		 	0.9545
698 	0 	21 	0 	0 	0 	0 	0 	0 	0 	0 	0 	0 	0 	0 	0 	0 	0 	0 	0 	0 	2.9957 		 	0.9545
699 	10 	0 	0 	0 	2 	0 	0 	0 	0 	0 	2 	0 	0 	0 	0 	3 	0 	0 	0 	4 	1.6007 		 	0.9545
700 	4 	0 	0 	0 	0 	2 	0 	0 	0 	6 	0 	0 	0 	0 	0 	7 	2 	0 	0 	0 	1.5079 		 	0.9545
701 	2 	0 	0 	0 	0 	2 	0 	0 	0 	0 	0 	0 	4 	0 	0 	13 	0 	0 	0 	0 	1.9351 		 	0.9545
702 	0 	0 	0 	0 	0 	3 	0 	0 	0 	12 	0 	0 	0 	0 	0 	0 	2 	4 	0 	0 	1.8582 		 	0.9545
703 	0 	0 	0 	0 	0 	0 	0 	0 	0 	0 	0 	0 	0 	0 	21 	0 	0 	0 	0 	0 	2.9957 		 	0.9545
704 	0 	0 	0 	0 	8 	0 	0 	0 	2 	0 	0 	0 	0 	0 	7 	0 	2 	0 	0 	2 	1.5901 		 	0.9545
705 	0 	0 	21 	0 	0 	0 	0 	0 	0 	0 	0 	0 	0 	0 	0 	0 	0 	0 	0 	0 	2.9957 		 	0.9545
706 	0 	0 	0 	0 	0 	0 	3 	0 	0 	14 	0 	0 	0 	0 	0 	0 	0 	4 	0 	0 	2.1316 		 	0.9545
707 	1 	0 	3 	0 	0 	0 	2 	0 	0 	0 	0 	0 	0 	0 	0 	3 	12 	0 	0 	0 	1.7511 		 	0.9545
708 	0 	0 	0 	6 	0 	0 	0 	0 	0 	3 	0 	4 	2 	2 	4 	0 	0 	0 	0 	0 	1.2802 		 	0.9545
709 	2 	0 	4 	5 	0 	1 	0 	0 	0 	0 	0 	0 	0 	0 	2 	7 	0 	0 	0 	0 	1.3791 		 	0.9545
710 	0 	0 	0 	0 	4 	1 	0 	2 	6 	0 	0 	0 	0 	0 	3 	0 	0 	5 	0 	0 	1.3334 		 	0.9545
711 	0 	0 	0 	0 	4 	0 	2 	0 	0 	11 	0 	0 	0 	0 	0 	0 	0 	4 	0 	0 	1.8014 		 	0.9545
712 	0 	0 	0 	0 	0 	0 	0 	4 	4 	4 	0 	2 	0 	0 	2 	0 	3 	2 	0 	0 	1.0984 		 	0.9545
713 	2 	0 	0 	0 	0 	0 	0 	0 	0 	4 	2 	2 	0 	0 	3 	4 	4 	0 	0 	0 	1.0984 		 	0.9545
714 	0 	0 	4 	0 	0 	0 	0 	0 	0 	0 	0 	2 	0 	0 	0 	0 	0 	0 	0 	0 	2.3592 		 	0.2727
715 	4 	0 	0 	0 	0 	0 	0 	0 	0 	2 	0 	0 	0 	0 	0 	0 	0 	0 	0 	0 	2.3592 		 	0.2727
716 	0 	0 	0 	0 	0 	0 	0 	0 	0 	6 	0 	0 	0 	0 	0 	0 	0 	0 	0 	0 	2.9957 		 	0.2727
717 	4 	0 	0 	0 	0 	0 	0 	0 	0 	0 	0 	0 	0 	0 	0 	2 	0 	0 	0 	0 	2.3592 		 	0.2727
718 	2 	0 	0 	2 	0 	0 	0 	2 	0 	3 	5 	0 	0 	3 	0 	0 	0 	4 	0 	0 	1.1104 		 	0.9545
719 	10 	0 	0 	0 	3 	0 	0 	2 	0 	6 	0 	0 	0 	0 	0 	0 	0 	0 	0 	0 	1.7826 		 	0.9545
720 	0 	0 	0 	0 	0 	0 	0 	0 	0 	0 	0 	0 	11 	0 	0 	2 	8 	0 	0 	0 	2.0654 		 	0.9545
721 	0 	0 	0 	0 	0 	0 	0 	0 	0 	0 	0 	0 	0 	6 	4 	0 	2 	0 	0 	0 	1.9843 		 	0.5455
722 	0 	0 	0 	4 	0 	0 	0 	0 	0 	0 	0 	0 	0 	0 	2 	6 	0 	0 	0 	0 	1.9843 		 	0.5455
723 	4 	0 	1 	3 	0 	0 	0 	0 	0 	0 	0 	0 	2 	0 	0 	2 	0 	0 	0 	0 	1.4786 		 	0.5455
724 	2 	0 	0 	0 	0 	2 	0 	1 	0 	0 	2 	0 	0 	0 	0 	0 	5 	0 	0 	0 	1.5280 		 	0.5455
725 	0 	0 	0 	0 	0 	0 	0 	0 	0 	8 	0 	0 	4 	0 	0 	0 	0 	0 	0 	0 	2.3592 		 	0.5455
726 	1 	0 	4 	0 	0 	0 	0 	0 	0 	0 	0 	2 	0 	0 	0 	0 	2 	3 	0 	0 	1.4786 		 	0.5455
727 	0 	0 	1 	5 	0 	0 	0 	0 	0 	0 	0 	0 	0 	0 	0 	0 	0 	0 	0 	0 	2.5452 		 	0.2727
728 	0 	0 	0 	0 	0 	0 	0 	0 	0 	0 	0 	0 	0 	0 	0 	0 	0 	6 	0 	0 	2.9957 		 	0.2727
729 	0 	0 	0 	0 	0 	0 	0 	0 	0 	5 	1 	0 	0 	0 	0 	0 	0 	0 	0 	0 	2.5452 		 	0.2727
730 	4 	0 	0 	0 	0 	0 	2 	0 	0 	0 	0 	0 	0 	0 	0 	0 	0 	0 	0 	0 	2.3592 		 	0.2727
731 	0 	0 	0 	0 	0 	0 	0 	0 	0 	0 	0 	0 	0 	4 	0 	0 	2 	0 	0 	0 	2.3592 		 	0.2727
732 	0 	0 	3 	0 	0 	0 	0 	0 	0 	0 	0 	0 	0 	10 	2 	0 	0 	0 	0 	6 	1.7826 		 	0.9545
733 	0 	0 	0 	0 	0 	0 	0 	0 	0 	2 	0 	0 	0 	0 	0 	0 	4 	0 	0 	0 	2.3592 		 	0.2727
734 	0 	0 	2 	0 	0 	0 	0 	0 	0 	0 	0 	0 	0 	0 	0 	0 	0 	0 	0 	0 	2.9957 		 	0.0909
735 	0 	0 	0 	2 	0 	0 	0 	0 	0 	0 	0 	0 	0 	0 	0 	0 	0 	0 	0 	0 	2.9957 		 	0.0909
736 	11 	0 	0 	0 	0 	0 	0 	0 	2 	0 	0 	0 	0 	0 	0 	2 	2 	0 	0 	0 	1.9587 		 	0.7727
737 	6 	0 	0 	2 	0 	0 	0 	0 	0 	0 	0 	2 	0 	0 	0 	4 	3 	0 	0 	0 	1.4781 		 	0.7727
738 	0 	0 	0 	0 	0 	0 	0 	2 	0 	6 	0 	0 	0 	0 	0 	0 	0 	9 	0 	0 	2.0397 		 	0.7727
739 	2 	0 	6 	0 	2 	0 	0 	0 	0 	0 	0 	0 	3 	0 	0 	4 	0 	0 	0 	0 	1.4781 		 	0.7727
740 	4 	0 	2 	0 	0 	0 	0 	0 	0 	0 	0 	4 	0 	0 	6 	0 	1 	0 	0 	0 	1.5288 		 	0.7727
741 	6 	0 	0 	0 	0 	2 	0 	0 	0 	0 	0 	0 	0 	0 	0 	0 	3 	0 	0 	6 	1.7027 		 	0.7727
742 	2 	0 	0 	0 	0 	0 	0 	0 	0 	0 	0 	0 	0 	0 	4 	0 	4 	7 	0 	0 	1.6977 		 	0.7727
743 	0 	0 	4 	0 	2 	0 	3 	0 	0 	0 	0 	2 	3 	0 	1 	6 	0 	0 	0 	0 	1.1731 		 	0.9545
744 	3 	0 	4 	0 	0 	10 	0 	0 	4 	0 	0 	0 	0 	0 	0 	0 	0 	0 	0 	0 	1.7327 		 	0.9545
745 	3 	0 	0 	0 	6 	0 	0 	0 	0 	3 	4 	0 	0 	0 	0 	0 	2 	3 	0 	0 	1.2640 		 	0.9545
746 	6 	0 	0 	0 	0 	0 	0 	0 	0 	7 	8 	0 	0 	0 	0 	0 	0 	0 	0 	0 	1.9039 		 	0.9545
747 	0 	0 	0 	6 	0 	4 	0 	0 	0 	0 	2 	2 	0 	0 	0 	7 	0 	0 	0 	0 	1.5079 		 	0.9545
748 	0 	0 	0 	0 	0 	0 	0 	5 	0 	2 	4 	0 	0 	0 	4 	0 	5 	1 	0 	0 	1.3117 		 	0.9545
749 	0 	0 	0 	0 	2 	0 	0 	0 	0 	19 	0 	0 	0 	0 	0 	0 	0 	0 	0 	0 	2.6812 		 	0.9545
750 	0 	0 	0 	0 	0 	0 	2 	0 	0 	0 	0 	0 	0 	0 	0 	13 	6 	0 	0 	0 	2.1170 		 	0.9545
751 	2 	0 	0 	0 	0 	0 	0 	0 	0 	4 	0 	0 	0 	0 	4 	0 	5 	6 	0 	0 	1.4405 		 	0.9545
752 	0 	0 	0 	4 	0 	0 	0 	0 	0 	2 	3 	0 	0 	0 	0 	0 	0 	0 	6 	6 	1.4621 		 	0.9545
753 	4 	0 	0 	0 	0 	0 	2 	0 	0 	0 	0 	0 	0 	3 	10 	0 	2 	0 	0 	0 	1.6007 		 	0.9545
754 	2 	0 	0 	4 	0 	0 	4 	0 	2 	2 	0 	0 	7 	0 	0 	0 	0 	0 	0 	0 	1.3260 		 	0.9545
755 	0 	0 	6 	0 	0 	0 	0 	0 	4 	0 	0 	0 	4 	0 	0 	3 	0 	0 	0 	4 	1.4123 		 	0.9545
756 	0 	0 	4 	0 	0 	0 	0 	0 	0 	0 	0 	6 	0 	0 	6 	2 	3 	0 	0 	0 	1.4621 		 	0.9545
757 	0 	0 	4 	0 	0 	0 	0 	0 	0 	0 	0 	0 	0 	0 	0 	0 	0 	0 	0 	0 	2.9957 		 	0.1818
758 	8 	0 	0 	0 	0 	0 	0 	0 	0 	9 	4 	0 	0 	0 	0 	0 	0 	0 	0 	0 	1.9491 		 	0.9545
759 	2 	0 	2 	5 	0 	0 	2 	0 	0 	0 	0 	2 	0 	0 	0 	0 	0 	0 	4 	0 	1.2883 		 	0.7727
760 	0 	0 	0 	0 	0 	0 	0 	2 	0 	4 	0 	0 	0 	0 	0 	0 	0 	0 	0 	0 	2.3592 		 	0.2727
761 	0 	0 	0 	0 	0 	0 	0 	4 	0 	2 	0 	0 	0 	0 	0 	0 	0 	0 	0 	0 	2.3592 		 	0.2727
762 	0 	0 	0 	0 	0 	0 	2 	0 	0 	0 	0 	0 	0 	0 	4 	0 	0 	0 	0 	0 	2.3592 		 	0.2727
763 	4 	0 	0 	0 	0 	0 	0 	0 	0 	0 	0 	0 	0 	0 	0 	0 	2 	0 	0 	0 	2.3592 		 	0.2727
764 	0 	0 	0 	0 	4 	0 	6 	0 	0 	2 	2 	0 	0 	0 	4 	0 	3 	0 	0 	0 	1.2802 		 	0.9545
765 	0 	0 	0 	0 	5 	0 	0 	2 	0 	4 	0 	0 	0 	0 	0 	0 	0 	10 	0 	0 	1.7609 		 	0.9545
766 	4 	0 	0 	0 	0 	0 	0 	0 	2 	0 	0 	0 	15 	0 	0 	0 	0 	0 	0 	0 	2.2156 		 	0.9545
767 	10 	0 	3 	6 	0 	0 	0 	0 	0 	0 	0 	0 	0 	0 	0 	2 	0 	0 	0 	0 	1.7826 		 	0.9545
768 	4 	0 	0 	0 	0 	0 	0 	0 	0 	0 	0 	0 	0 	0 	0 	0 	0 	2 	0 	0 	2.3592 		 	0.2727
769 	0 	0 	0 	0 	2 	0 	0 	8 	0 	3 	0 	0 	0 	0 	0 	3 	1 	0 	0 	4 	1.3873 		 	0.9545
770 	0 	0 	0 	0 	3 	0 	4 	0 	4 	0 	0 	2 	0 	4 	0 	2 	2 	0 	0 	0 	1.0984 		 	0.9545
771 	0 	17 	0 	0 	0 	0 	0 	0 	0 	0 	0 	0 	0 	1 	3 	0 	0 	0 	0 	0 	2.4017 		 	0.9545
772 	0 	4 	0 	0 	0 	0 	0 	0 	0 	7 	0 	0 	0 	2 	0 	2 	0 	6 	0 	0 	1.5079 		 	0.9545
773 	0 	0 	2 	0 	0 	3 	0 	0 	0 	0 	0 	0 	0 	0 	0 	1 	0 	0 	0 	0 	1.9843 		 	0.2727
774 	2 	0 	0 	0 	0 	4 	0 	0 	0 	0 	0 	0 	0 	0 	0 	0 	0 	0 	0 	0 	2.3592 		 	0.2727
775 	2 	0 	4 	0 	0 	0 	0 	0 	2 	0 	0 	0 	4 	3 	0 	6 	0 	0 	0 	0 	1.2802 		 	0.9545
776 	2 	0 	0 	0 	0 	0 	0 	2 	0 	3 	0 	2 	4 	0 	0 	4 	0 	0 	0 	0 	1.2534 		 	0.7727
777 	3 	0 	0 	0 	0 	0 	1 	0 	0 	0 	0 	0 	0 	0 	6 	0 	2 	0 	0 	0 	1.7969 		 	0.5455
778 	2 	0 	0 	0 	0 	0 	0 	0 	0 	4 	0 	6 	0 	0 	0 	0 	0 	0 	0 	0 	1.9843 		 	0.5455
779 	1 	0 	6 	0 	0 	5 	0 	0 	0 	0 	0 	0 	0 	0 	0 	4 	0 	3 	0 	0 	1.5060 		 	0.8636
780 	0 	0 	0 	15 	0 	0 	0 	0 	6 	0 	0 	0 	0 	0 	0 	0 	0 	0 	0 	0 	2.3975 		 	0.9545
781 	0 	0 	0 	0 	0 	0 	0 	2 	0 	0 	0 	0 	8 	2 	0 	3 	0 	4 	0 	2 	1.3624 		 	0.9545
782 	6 	0 	0 	0 	3 	0 	0 	2 	0 	4 	0 	0 	0 	0 	4 	0 	0 	2 	0 	0 	1.2802 		 	0.9545
783 	8 	0 	0 	0 	0 	0 	0 	4 	0 	2 	4 	0 	0 	0 	0 	3 	0 	0 	0 	0 	1.4944 		 	0.9545
784 	3 	0 	0 	0 	2 	0 	0 	6 	0 	4 	0 	0 	0 	0 	0 	4 	2 	0 	0 	0 	1.2802 		 	0.9545
785 	0 	0 	0 	0 	0 	0 	0 	4 	0 	11 	0 	0 	0 	0 	0 	0 	0 	6 	0 	0 	1.9832 		 	0.9545
786 	0 	0 	0 	0 	0 	0 	0 	0 	0 	0 	0 	0 	14 	0 	0 	0 	7 	0 	0 	0 	2.3592 		 	0.9545
787 	2 	0 	0 	0 	0 	0 	0 	4 	0 	12 	0 	0 	0 	0 	0 	0 	0 	3 	0 	0 	1.8582 		 	0.9545
788 	0 	0 	0 	0 	0 	0 	0 	0 	0 	0 	0 	0 	0 	0 	0 	3 	4 	2 	0 	0 	1.9349 		 	0.4091
789 	0 	0 	0 	3 	0 	0 	4 	4 	0 	0 	0 	0 	8 	2 	0 	0 	0 	0 	0 	0 	1.4944 		 	0.9545
790 	0 	0 	0 	0 	0 	2 	5 	0 	0 	0 	0 	14 	0 	0 	0 	0 	0 	0 	0 	0 	2.1598 		 	0.9545
791 	4 	0 	0 	0 	0 	0 	2 	2 	0 	0 	0 	0 	0 	0 	0 	0 	0 	13 	0 	0 	1.9351 		 	0.9545
792 	0 	0 	0 	0 	0 	0 	0 	0 	0 	0 	0 	0 	0 	0 	0 	9 	12 	0 	0 	0 	2.3128 		 	0.9545
793 	0 	0 	0 	0 	8 	0 	0 	0 	0 	0 	0 	0 	0 	0 	0 	0 	0 	0 	0 	13 	2.3312 		 	0.9545
794 	0 	0 	0 	0 	0 	0 	0 	7 	0 	0 	0 	0 	0 	0 	0 	0 	2 	12 	0 	0 	2.0858 		 	0.9545
795 	0 	0 	0 	0 	0 	0 	0 	14 	0 	0 	0 	0 	0 	0 	0 	0 	0 	7 	0 	0 	2.3592 		 	0.9545
796 	0 	0 	0 	0 	0 	0 	0 	0 	0 	0 	0 	0 	0 	0 	0 	12 	9 	0 	0 	0 	2.3128 		 	0.9545
797 	0 	0 	0 	0 	0 	0 	4 	0 	0 	0 	0 	3 	4 	0 	2 	8 	0 	0 	0 	0 	1.4944 		 	0.9545
798 	0 	0 	4 	2 	0 	0 	0 	0 	2 	0 	0 	2 	0 	3 	0 	7 	1 	0 	0 	0 	1.2189 		 	0.9545
799 	2 	0 	0 	0 	0 	0 	0 	0 	2 	0 	0 	0 	4 	0 	4 	0 	0 	0 	0 	9 	1.5530 		 	0.9545
800 	0 	0 	0 	4 	0 	0 	0 	2 	0 	7 	0 	0 	2 	0 	0 	0 	0 	4 	0 	0 	1.4978 		 	0.8636
801 	0 	0 	0 	0 	0 	0 	0 	7 	0 	4 	0 	0 	4 	2 	0 	0 	0 	4 	0 	0 	1.4580 		 	0.9545
802 	2 	0 	0 	0 	0 	0 	0 	0 	7 	0 	0 	0 	0 	0 	10 	2 	0 	0 	0 	0 	1.8283 		 	0.9545
803 	0 	0 	0 	0 	0 	4 	0 	0 	0 	0 	0 	2 	0 	0 	0 	0 	0 	0 	0 	0 	2.3592 		 	0.2727
804 	2 	0 	0 	0 	0 	15 	0 	0 	0 	0 	0 	0 	0 	0 	0 	4 	0 	0 	0 	0 	2.2156 		 	0.9545
805 	4 	0 	0 	0 	0 	0 	0 	7 	0 	2 	0 	0 	0 	0 	0 	0 	2 	6 	0 	0 	1.5079 		 	0.9545
806 	0 	0 	0 	0 	0 	4 	0 	0 	0 	4 	0 	0 	0 	0 	0 	9 	0 	4 	0 	0 	1.6850 		 	0.9545
807 	0 	0 	0 	0 	2 	0 	0 	0 	0 	4 	0 	0 	0 	0 	0 	0 	0 	0 	0 	15 	2.2156 		 	0.9545
808 	0 	0 	0 	6 	0 	0 	0 	0 	4 	0 	0 	0 	3 	0 	0 	4 	4 	0 	0 	0 	1.4123 		 	0.9545
809 	4 	0 	0 	0 	0 	0 	0 	4 	0 	6 	0 	0 	0 	0 	0 	0 	0 	7 	0 	0 	1.6399 		 	0.9545
810 	2 	0 	0 	0 	0 	0 	0 	0 	0 	0 	0 	0 	0 	0 	0 	9 	10 	0 	0 	0 	2.0554 		 	0.9545
811 	0 	0 	2 	2 	0 	4 	0 	0 	0 	0 	0 	0 	0 	0 	0 	2 	11 	0 	0 	0 	1.6693 		 	0.9545
812 	0 	0 	0 	0 	0 	0 	0 	2 	0 	0 	0 	0 	0 	0 	0 	0 	13 	6 	0 	0 	2.1170 		 	0.9545
813 	0 	0 	6 	0 	2 	0 	0 	4 	0 	0 	0 	0 	0 	0 	0 	0 	0 	5 	0 	4 	1.4405 		 	0.9545
814 	0 	0 	0 	0 	0 	0 	0 	2 	0 	6 	0 	0 	0 	0 	0 	0 	0 	13 	0 	0 	2.1170 		 	0.9545
815 	4 	0 	0 	0 	0 	3 	0 	0 	2 	0 	0 	0 	0 	0 	4 	6 	0 	0 	0 	2 	1.2802 		 	0.9545
816 	0 	0 	0 	0 	0 	0 	0 	0 	0 	0 	0 	2 	0 	3 	4 	6 	6 	0 	0 	0 	1.4621 		 	0.9545
817 	2 	0 	0 	0 	0 	0 	0 	0 	0 	0 	0 	0 	6 	0 	0 	11 	2 	0 	0 	0 	1.8512 		 	0.9545
818 	0 	0 	0 	0 	0 	0 	0 	8 	0 	11 	2 	0 	0 	0 	0 	0 	0 	0 	0 	0 	2.0654 		 	0.9545
819 	0 	0 	0 	0 	10 	0 	0 	9 	0 	0 	0 	0 	0 	0 	0 	2 	0 	0 	0 	0 	2.0554 		 	0.9545
820 	0 	0 	0 	0 	0 	0 	0 	12 	0 	7 	0 	0 	0 	0 	0 	0 	0 	2 	0 	0 	2.0858 		 	0.9545
821 	0 	0 	0 	0 	0 	0 	0 	0 	0 	0 	0 	0 	0 	0 	0 	6 	13 	2 	0 	0 	2.1170 		 	0.9545
822 	6 	0 	0 	0 	0 	0 	0 	0 	0 	0 	0 	0 	4 	3 	0 	0 	0 	2 	0 	6 	1.4621 		 	0.9545
823 	0 	0 	0 	0 	0 	0 	0 	4 	0 	6 	0 	0 	0 	0 	0 	0 	3 	6 	0 	0 	1.6482 		 	0.8636
824 	0 	0 	3 	0 	0 	0 	0 	0 	0 	0 	0 	0 	6 	0 	0 	0 	0 	0 	0 	0 	2.3592 		 	0.4091
825 	0 	0 	0 	0 	0 	0 	0 	6 	0 	6 	0 	0 	0 	0 	0 	5 	4 	0 	0 	0 	1.6223 		 	0.9545
826 	4 	0 	0 	0 	0 	0 	0 	0 	3 	0 	4 	6 	0 	3 	1 	0 	0 	0 	0 	0 	1.3051 		 	0.9545
827 	0 	0 	2 	0 	0 	0 	0 	0 	0 	0 	0 	4 	2 	0 	0 	6 	3 	0 	0 	0 	1.4781 		 	0.7727
828 	0 	0 	2 	0 	0 	0 	0 	0 	7 	0 	0 	0 	0 	0 	0 	0 	12 	0 	0 	0 	2.0858 		 	0.9545
829 	0 	21 	0 	0 	0 	0 	0 	0 	0 	0 	0 	0 	0 	0 	0 	0 	0 	0 	0 	0 	2.9957 		 	0.9545
830 	0 	0 	0 	7 	0 	0 	0 	0 	0 	0 	0 	0 	0 	0 	0 	6 	2 	6 	0 	0 	1.6897 		 	0.9545
831 	0 	0 	0 	0 	0 	6 	0 	0 	0 	3 	0 	0 	2 	4 	0 	6 	0 	0 	0 	0 	1.4621 		 	0.9545
832 	0 	0 	0 	2 	2 	4 	1 	0 	0 	0 	0 	0 	0 	0 	0 	3 	9 	0 	0 	0 	1.4459 		 	0.9545
833 	5 	0 	0 	0 	0 	0 	2 	0 	0 	0 	0 	8 	0 	0 	3 	0 	3 	0 	0 	0 	1.5065 		 	0.9545
834 	0 	0 	0 	0 	2 	2 	0 	0 	0 	0 	0 	3 	0 	0 	4 	0 	0 	4 	0 	6 	1.2802 		 	0.9545
835 	4 	0 	3 	1 	0 	0 	0 	0 	6 	0 	3 	0 	0 	0 	0 	2 	0 	2 	0 	0 	1.1731 		 	0.9545
836 	0 	0 	0 	0 	0 	4 	3 	6 	0 	0 	0 	0 	0 	2 	0 	0 	0 	0 	0 	6 	1.4621 		 	0.9545
837 	4 	0 	0 	10 	0 	0 	0 	2 	0 	0 	0 	0 	0 	0 	0 	2 	3 	0 	0 	0 	1.6007 		 	0.9545
838 	0 	0 	2 	0 	0 	4 	0 	0 	0 	0 	0 	0 	5 	0 	0 	3 	5 	2 	0 	0 	1.2706 		 	0.9545
839 	0 	0 	0 	0 	0 	0 	3 	0 	6 	0 	0 	0 	0 	4 	6 	0 	0 	2 	0 	0 	1.4621 		 	0.9545
840 	2 	0 	4 	0 	0 	0 	2 	0 	0 	0 	0 	2 	0 	4 	4 	3 	0 	0 	0 	0 	1.0984 		 	0.9545
841 	0 	0 	0 	0 	0 	0 	0 	11 	0 	10 	0 	0 	0 	0 	0 	0 	0 	0 	0 	0 	2.3037 		 	0.9545
842 	0 	0 	0 	0 	0 	0 	0 	0 	2 	4 	0 	0 	8 	0 	0 	0 	3 	4 	0 	0 	1.4944 		 	0.9545
843 	2 	0 	0 	0 	0 	0 	2 	2 	4 	0 	0 	0 	2 	0 	4 	0 	0 	5 	0 	0 	1.1266 		 	0.9545
844 	3 	0 	0 	0 	0 	0 	0 	6 	0 	4 	0 	0 	2 	0 	0 	0 	4 	2 	0 	0 	1.2802 		 	0.9545
845 	0 	0 	2 	1 	0 	0 	0 	0 	0 	3 	0 	0 	0 	7 	4 	0 	0 	0 	0 	4 	1.3509 		 	0.9545
846 	0 	0 	0 	0 	0 	0 	0 	0 	0 	0 	0 	21 	0 	0 	0 	0 	0 	0 	0 	0 	2.9957 		 	0.9545
847 	0 	0 	0 	0 	4 	0 	0 	11 	0 	0 	0 	0 	0 	0 	0 	0 	0 	0 	0 	0 	2.4158 		 	0.6818
848 	0 	0 	0 	0 	0 	0 	0 	0 	0 	0 	0 	0 	0 	0 	0 	11 	4 	0 	0 	0 	2.4158 		 	0.6818
849 	0 	0 	0 	0 	0 	0 	0 	0 	0 	3 	0 	0 	0 	0 	4 	6 	2 	0 	0 	0 	1.6862 		 	0.6818
850 	0 	0 	0 	0 	0 	0 	0 	0 	0 	0 	0 	0 	2 	0 	0 	0 	4 	0 	0 	0 	2.3592 		 	0.2727
851 	0 	0 	0 	0 	0 	0 	0 	0 	0 	2 	0 	0 	0 	7 	3 	0 	0 	0 	0 	0 	2.0361 		 	0.5455
852 	0 	0 	0 	3 	0 	0 	2 	0 	6 	0 	0 	0 	0 	4 	6 	0 	0 	0 	0 	0 	1.4621 		 	0.9545
853 	0 	0 	5 	2 	0 	2 	0 	0 	0 	0 	0 	3 	0 	0 	0 	4 	4 	0 	0 	0 	1.2603 		 	0.9091
854 	0 	16 	0 	0 	0 	0 	0 	0 	0 	4 	0 	0 	0 	0 	0 	0 	0 	0 	0 	0 	2.4953 		 	0.9091
855 	3 	0 	0 	4 	0 	4 	0 	4 	0 	2 	0 	0 	2 	0 	0 	0 	0 	1 	0 	0 	1.1352 		 	0.9091
856 	0 	0 	0 	0 	12 	0 	0 	0 	0 	6 	0 	0 	0 	0 	0 	0 	0 	0 	0 	2 	2.0978 		 	0.9091
857 	0 	16 	0 	0 	0 	0 	0 	0 	0 	0 	0 	0 	0 	0 	0 	0 	0 	4 	0 	0 	2.4953 		 	0.9091
858 	0 	0 	2 	1 	0 	10 	0 	0 	0 	0 	0 	0 	0 	7 	0 	0 	0 	0 	0 	0 	1.9017 		 	0.9091
859 	4 	0 	0 	0 	4 	0 	0 	0 	0 	0 	0 	0 	0 	0 	0 	12 	0 	0 	0 	0 	2.0455 		 	0.9091
860 	7 	0 	0 	0 	0 	0 	0 	0 	0 	1 	0 	0 	0 	0 	0 	0 	0 	12 	0 	0 	2.1720 		 	0.9091
861 	0 	0 	0 	0 	6 	0 	0 	2 	0 	7 	0 	0 	0 	0 	0 	0 	0 	5 	0 	0 	1.6903 		 	0.9091
862 	0 	0 	0 	0 	0 	0 	0 	0 	0 	10 	9 	0 	0 	0 	0 	0 	0 	1 	0 	0 	2.1400 		 	0.9091
863 	0 	0 	0 	8 	0 	0 	0 	0 	0 	0 	0 	0 	0 	0 	6 	6 	0 	0 	0 	0 	1.9068 		 	0.9091
864 	0 	0 	0 	0 	0 	0 	0 	0 	0 	0 	0 	0 	0 	0 	0 	0 	0 	0 	0 	20 	2.9957 		 	0.9091
865 	0 	0 	14 	0 	0 	0 	0 	0 	0 	2 	0 	0 	0 	0 	0 	0 	4 	0 	0 	0 	2.1939 		 	0.9091
866 	0 	0 	8 	6 	0 	0 	0 	0 	0 	0 	0 	0 	4 	0 	0 	0 	2 	0 	0 	0 	1.7159 		 	0.9091
867 	4 	0 	0 	0 	0 	0 	0 	5 	4 	0 	0 	0 	0 	0 	0 	2 	5 	0 	0 	0 	1.4286 		 	0.9091
868 	0 	0 	7 	4 	0 	6 	0 	0 	0 	0 	0 	0 	0 	3 	0 	0 	0 	0 	0 	0 	1.6606 		 	0.9091
869 	2 	0 	0 	4 	0 	14 	0 	0 	0 	0 	0 	0 	0 	0 	0 	0 	0 	0 	0 	0 	2.1939 		 	0.9091
870 	0 	0 	0 	0 	0 	0 	0 	3 	0 	6 	0 	0 	4 	0 	0 	0 	0 	7 	0 	0 	1.6606 		 	0.9091
871 	0 	0 	0 	4 	0 	0 	0 	4 	0 	4 	6 	0 	0 	2 	0 	0 	0 	0 	0 	0 	1.4386 		 	0.9091
872 	0 	0 	2 	0 	0 	0 	0 	0 	0 	0 	0 	3 	0 	5 	0 	6 	4 	0 	0 	0 	1.4513 		 	0.9091
873 	0 	0 	0 	0 	1 	0 	0 	5 	0 	2 	0 	0 	0 	0 	0 	0 	4 	4 	0 	4 	1.3035 		 	0.9091
874 	0 	0 	0 	0 	0 	0 	0 	6 	0 	4 	5 	0 	0 	0 	0 	0 	4 	1 	0 	0 	1.4944 		 	0.9091
875 	0 	0 	0 	0 	0 	0 	0 	2 	0 	4 	0 	0 	0 	0 	0 	0 	0 	0 	0 	14 	2.1939 		 	0.9091
876 	0 	0 	0 	0 	0 	0 	0 	11 	0 	0 	3 	0 	0 	0 	0 	0 	0 	6 	0 	0 	2.0212 		 	0.9091
877 	0 	0 	6 	0 	0 	0 	3 	0 	4 	0 	1 	0 	0 	0 	0 	0 	6 	0 	0 	0 	1.5171 		 	0.9091
878 	0 	0 	4 	0 	0 	0 	0 	0 	0 	0 	0 	6 	0 	0 	0 	6 	4 	0 	0 	0 	1.6296 		 	0.9091
879 	0 	0 	5 	2 	0 	0 	0 	4 	2 	0 	0 	0 	0 	4 	0 	3 	0 	0 	0 	0 	1.2603 		 	0.9091
880 	1 	0 	9 	4 	0 	0 	0 	0 	1 	0 	0 	3 	0 	0 	2 	0 	0 	0 	0 	0 	1.5001 		 	0.9091
881 	0 	0 	3 	4 	0 	0 	0 	0 	0 	0 	0 	0 	0 	1 	0 	0 	6 	6 	0 	0 	1.5171 		 	0.9091
882 	0 	0 	0 	2 	0 	0 	0 	0 	0 	5 	0 	0 	0 	10 	0 	0 	0 	3 	0 	0 	1.7878 		 	0.9091
883 	0 	0 	0 	0 	0 	0 	0 	0 	4 	4 	0 	4 	0 	4 	2 	0 	2 	0 	0 	0 	1.2477 		 	0.9091
884 	0 	0 	0 	0 	0 	0 	0 	0 	0 	0 	0 	2 	0 	6 	0 	4 	0 	0 	0 	0 	1.9843 		 	0.5455
885 	0 	0 	0 	0 	3 	0 	0 	7 	1 	5 	0 	0 	0 	0 	0 	0 	4 	0 	0 	0 	1.5255 		 	0.9091
886 	9 	0 	0 	0 	2 	0 	0 	0 	0 	9 	0 	0 	0 	0 	0 	0 	0 	0 	0 	0 	2.0468 		 	0.9091
887 	5 	0 	0 	0 	0 	0 	0 	1 	0 	5 	0 	0 	0 	1 	0 	0 	4 	0 	0 	0 	1.5756 		 	0.7273
888 	0 	0 	10 	0 	0 	4 	0 	0 	0 	0 	2 	0 	0 	0 	0 	0 	0 	0 	0 	0 	2.0955 		 	0.7273
889 	0 	0 	0 	0 	0 	2 	0 	0 	2 	0 	0 	0 	12 	0 	0 	4 	0 	0 	0 	0 	1.9068 		 	0.9091
890 	0 	0 	1 	0 	0 	0 	0 	0 	0 	0 	0 	6 	0 	0 	0 	6 	3 	1 	0 	3 	1.4046 		 	0.9091
891 	1 	0 	0 	3 	0 	0 	0 	0 	0 	0 	0 	11 	2 	0 	0 	2 	1 	0 	0 	0 	1.6223 		 	0.9091
892 	0 	0 	0 	3 	2 	4 	0 	0 	0 	0 	0 	5 	0 	0 	0 	0 	2 	0 	0 	4 	1.2603 		 	0.9091
893 	3 	0 	0 	0 	7 	0 	0 	2 	0 	4 	0 	0 	0 	0 	0 	0 	1 	3 	0 	0 	1.3572 		 	0.9091
894 	0 	0 	6 	0 	0 	0 	0 	1 	0 	4 	0 	0 	6 	0 	0 	0 	0 	3 	0 	0 	1.5171 		 	0.9091
895 	0 	0 	0 	0 	0 	0 	0 	0 	0 	0 	0 	1 	2 	0 	0 	3 	0 	0 	0 	0 	1.9843 		 	0.2727
896 	0 	0 	0 	0 	2 	0 	0 	0 	0 	0 	0 	0 	0 	0 	0 	0 	0 	4 	0 	0 	2.3592 		 	0.2727
897 	0 	0 	0 	0 	4 	0 	0 	0 	0 	0 	0 	2 	0 	0 	0 	0 	0 	0 	0 	0 	2.3592 		 	0.2727
898 	0 	0 	0 	0 	0 	0 	0 	0 	0 	0 	0 	0 	2 	0 	0 	0 	0 	0 	0 	0 	2.9957 		 	0.0909
899 	0 	0 	2 	0 	0 	0 	0 	0 	0 	0 	0 	0 	0 	0 	0 	0 	0 	0 	0 	0 	2.9957 		 	0.0909
900 	0 	0 	1 	0 	4 	0 	0 	0 	0 	0 	2 	2 	0 	0 	0 	4 	0 	7 	0 	0 	1.3742 		 	0.9091
901 	0 	0 	4 	0 	0 	0 	2 	0 	0 	0 	0 	2 	4 	0 	0 	7 	0 	1 	0 	0 	1.3742 		 	0.9091
902 	0 	0 	4 	0 	0 	2 	0 	0 	0 	0 	0 	11 	0 	0 	0 	3 	0 	0 	0 	0 	1.8302 		 	0.9091
903 	0 	0 	2 	0 	0 	0 	0 	0 	0 	6 	0 	0 	4 	0 	0 	0 	4 	4 	0 	0 	1.4386 		 	0.9091
904 	0 	0 	2 	0 	0 	0 	6 	0 	0 	0 	0 	0 	4 	0 	8 	0 	0 	0 	0 	0 	1.7159 		 	0.9091
905 	0 	0 	0 	0 	0 	0 	0 	2 	0 	0 	0 	0 	0 	0 	0 	6 	8 	4 	0 	0 	1.7159 		 	0.9091
906 	0 	0 	0 	0 	0 	0 	14 	0 	2 	0 	0 	0 	0 	0 	0 	0 	3 	1 	0 	0 	2.0814 		 	0.9091
907 	6 	0 	0 	0 	0 	0 	0 	0 	0 	0 	0 	0 	0 	0 	0 	0 	0 	0 	0 	14 	2.3849 		 	0.9091
908 	0 	0 	0 	0 	0 	0 	0 	0 	0 	18 	0 	0 	0 	0 	0 	0 	0 	2 	0 	0 	2.6706 		 	0.9091
909 	0 	0 	0 	0 	0 	0 	0 	0 	0 	15 	3 	0 	0 	0 	0 	0 	0 	0 	2 	0 	2.2651 		 	0.9091
910 	0 	0 	0 	0 	1 	0 	0 	0 	0 	19 	0 	0 	0 	0 	0 	0 	0 	0 	0 	0 	2.7972 		 	0.9091
911 	4 	0 	0 	0 	6 	0 	0 	0 	0 	4 	0 	0 	0 	0 	2 	0 	4 	0 	0 	0 	1.4386 		 	0.9091
912 	0 	0 	2 	0 	0 	0 	0 	0 	7 	0 	0 	0 	6 	0 	1 	0 	4 	0 	0 	0 	1.5652 		 	0.9091
913 	0 	0 	0 	0 	0 	0 	0 	0 	0 	0 	0 	20 	0 	0 	0 	0 	0 	0 	0 	0 	2.9957 		 	0.9091
914 	0 	0 	0 	0 	0 	20 	0 	0 	0 	0 	0 	0 	0 	0 	0 	0 	0 	0 	0 	0 	2.9957 		 	0.9091
915 	0 	0 	0 	0 	0 	0 	0 	0 	0 	0 	0 	0 	0 	0 	0 	5 	15 	0 	0 	0 	2.4334 		 	0.9091
916 	0 	0 	0 	0 	0 	0 	0 	0 	0 	0 	0 	0 	0 	0 	0 	0 	0 	20 	0 	0 	2.9957 		 	0.9091
917 	0 	0 	0 	0 	5 	0 	0 	4 	0 	3 	4 	0 	0 	0 	0 	0 	0 	4 	0 	0 	1.3989 		 	0.9091
918 	0 	0 	0 	14 	0 	0 	4 	0 	0 	0 	0 	0 	0 	0 	0 	0 	2 	0 	0 	0 	2.1939 		 	0.9091
919 	0 	0 	0 	0 	0 	0 	0 	7 	0 	6 	4 	0 	0 	0 	0 	0 	0 	3 	0 	0 	1.6606 		 	0.9091
920 	4 	0 	0 	0 	0 	0 	0 	0 	0 	6 	0 	0 	0 	0 	2 	4 	4 	0 	0 	0 	1.4386 		 	0.9091
921 	5 	0 	3 	4 	0 	8 	0 	0 	0 	0 	0 	0 	0 	0 	0 	0 	0 	0 	0 	0 	1.6762 		 	0.9091
922 	0 	0 	0 	0 	6 	0 	0 	0 	0 	5 	2 	0 	0 	0 	0 	0 	0 	7 	0 	0 	1.6903 		 	0.9091
923 	0 	0 	5 	2 	0 	4 	0 	0 	0 	0 	0 	0 	0 	0 	0 	0 	0 	3 	0 	6 	1.4513 		 	0.9091
924 	0 	0 	0 	4 	0 	0 	0 	4 	0 	1 	0 	0 	0 	0 	4 	0 	4 	3 	0 	0 	1.2738 		 	0.9091
925 	0 	0 	7 	4 	0 	0 	0 	0 	1 	1 	0 	0 	0 	3 	4 	0 	0 	0 	0 	0 	1.4004 		 	0.9091
926 	3 	0 	0 	0 	0 	0 	0 	4 	0 	0 	0 	0 	4 	2 	6 	1 	0 	0 	0 	0 	1.3262 		 	0.9091
927 	8 	0 	4 	0 	0 	0 	0 	1 	0 	0 	0 	0 	0 	0 	0 	1 	3 	3 	0 	0 	1.4386 		 	0.9091
928 	6 	0 	3 	0 	0 	0 	4 	2 	0 	0 	0 	0 	0 	5 	0 	0 	0 	0 	0 	0 	1.4513 		 	0.9091
929 	3 	0 	0 	0 	0 	0 	0 	0 	0 	0 	0 	0 	0 	0 	2 	5 	1 	9 	0 	0 	1.6252 		 	0.9091
930 	2 	0 	0 	0 	0 	0 	0 	4 	0 	0 	2 	0 	0 	0 	3 	5 	0 	4 	0 	0 	1.2603 		 	0.9091
931 	4 	0 	0 	0 	0 	0 	0 	0 	0 	0 	0 	0 	0 	0 	0 	2 	0 	0 	0 	0 	2.3592 		 	0.2727
932 	0 	0 	0 	0 	0 	2 	0 	5 	0 	3 	0 	0 	4 	0 	0 	0 	0 	0 	0 	0 	1.6620 		 	0.6364
933 	0 	0 	0 	0 	0 	4 	0 	4 	0 	9 	1 	0 	0 	2 	0 	0 	0 	0 	0 	0 	1.6126 		 	0.9091
934 	4 	0 	0 	0 	6 	0 	0 	0 	0 	5 	3 	0 	0 	0 	0 	0 	0 	0 	0 	2 	1.4513 		 	0.9091
935 	0 	0 	0 	0 	0 	0 	0 	4 	0 	8 	3 	0 	0 	0 	0 	0 	0 	5 	0 	0 	1.6762 		 	0.9091
936 	4 	0 	0 	0 	0 	2 	0 	0 	0 	0 	0 	0 	0 	0 	0 	0 	0 	0 	0 	0 	2.3592 		 	0.2727
937 	6 	0 	0 	0 	0 	0 	0 	0 	0 	0 	0 	0 	0 	0 	0 	0 	0 	0 	0 	0 	2.9957 		 	0.2727
938 	0 	0 	0 	0 	0 	0 	0 	0 	0 	0 	0 	0 	0 	0 	0 	6 	0 	0 	0 	0 	2.9957 		 	0.2727
939 	4 	0 	0 	0 	0 	0 	0 	10 	0 	3 	0 	0 	0 	0 	0 	3 	0 	0 	0 	0 	1.7581 		 	0.9091
940 	0 	0 	0 	0 	0 	2 	0 	4 	0 	11 	0 	0 	0 	0 	0 	0 	0 	3 	0 	0 	1.8302 		 	0.9091
941 	0 	0 	0 	0 	0 	6 	0 	0 	0 	0 	0 	0 	0 	0 	0 	2 	0 	0 	0 	12 	2.0978 		 	0.9091
942 	5 	0 	0 	0 	6 	0 	0 	2 	0 	1 	0 	0 	0 	0 	0 	0 	0 	6 	0 	0 	1.5467 		 	0.9091
943 	0 	0 	0 	0 	2 	0 	0 	7 	0 	7 	0 	0 	0 	0 	0 	0 	0 	4 	0 	0 	1.7087 		 	0.9091
944 	4 	0 	0 	0 	0 	2 	0 	5 	0 	2 	4 	0 	0 	0 	0 	3 	0 	0 	0 	0 	1.2603 		 	0.9091
945 	9 	0 	0 	0 	6 	0 	0 	5 	0 	0 	0 	0 	0 	0 	0 	0 	0 	0 	0 	0 	1.9286 		 	0.9091
946 	4 	0 	0 	0 	0 	0 	0 	8 	0 	0 	0 	0 	0 	0 	0 	2 	4 	2 	0 	0 	1.5249 		 	0.9091
947 	4 	0 	0 	0 	0 	2 	0 	8 	0 	4 	0 	0 	0 	0 	0 	0 	0 	2 	0 	0 	1.5249 		 	0.9091
948 	8 	0 	0 	0 	0 	9 	0 	0 	0 	0 	0 	0 	0 	0 	0 	0 	0 	3 	0 	0 	1.9853 		 	0.9091
949 	0 	0 	0 	0 	0 	0 	0 	9 	0 	9 	0 	0 	0 	0 	0 	0 	0 	0 	0 	0 	2.3026 		 	0.8182
950 	4 	0 	0 	0 	11 	0 	0 	0 	0 	0 	0 	0 	0 	0 	0 	0 	0 	0 	0 	5 	1.9985 		 	0.9091
951 	0 	0 	0 	0 	2 	11 	0 	0 	0 	7 	0 	0 	0 	0 	0 	0 	0 	0 	0 	0 	2.0692 		 	0.9091
952 	0 	0 	0 	0 	0 	0 	0 	7 	0 	9 	0 	0 	0 	0 	0 	0 	0 	4 	0 	0 	1.9471 		 	0.9091
953 	0 	0 	0 	0 	0 	0 	4 	2 	0 	4 	0 	0 	0 	0 	0 	0 	0 	0 	0 	10 	1.7751 		 	0.9091
954 	0 	0 	0 	0 	0 	2 	1 	0 	7 	0 	0 	0 	0 	0 	10 	0 	0 	0 	0 	0 	1.9017 		 	0.9091
955 	0 	0 	0 	0 	0 	0 	0 	4 	0 	6 	3 	0 	0 	0 	0 	0 	0 	5 	2 	0 	1.4513 		 	0.9091
956 	0 	0 	0 	0 	3 	0 	0 	4 	0 	6 	2 	0 	0 	0 	0 	0 	0 	5 	0 	0 	1.4513 		 	0.9091
957 	0 	0 	0 	0 	0 	0 	0 	0 	3 	2 	4 	0 	0 	0 	9 	2 	0 	0 	0 	0 	1.5694 		 	0.9091
958 	0 	2 	0 	0 	4 	0 	0 	2 	0 	5 	0 	0 	0 	0 	0 	0 	7 	0 	0 	0 	1.4993 		 	0.9091
959 	0 	7 	0 	0 	5 	2 	0 	0 	0 	2 	0 	0 	0 	0 	0 	0 	0 	0 	0 	0 	1.7507 		 	0.7273
960 	0 	0 	0 	0 	0 	0 	0 	0 	0 	4 	0 	2 	0 	0 	0 	0 	0 	0 	0 	2 	1.9560 		 	0.3636
961 	0 	0 	0 	0 	0 	0 	0 	0 	0 	0 	0 	0 	0 	0 	0 	2 	0 	0 	0 	0 	2.9957 		 	0.0909
962 	0 	0 	0 	0 	0 	0 	0 	0 	0 	0 	0 	0 	0 	0 	2 	0 	0 	0 	0 	0 	2.9957 		 	0.0909
963 	0 	0 	0 	0 	0 	0 	0 	0 	0 	2 	0 	0 	0 	0 	0 	0 	0 	0 	0 	0 	2.9957 		 	0.0909
964 	0 	0 	0 	0 	0 	0 	0 	0 	0 	0 	0 	0 	0 	0 	2 	0 	0 	0 	0 	0 	2.9957 		 	0.0909
965 	0 	0 	0 	2 	0 	0 	0 	0 	0 	0 	0 	0 	0 	0 	0 	0 	0 	0 	0 	0 	2.9957 		 	0.0909
966 	0 	0 	0 	0 	0 	0 	0 	0 	0 	0 	0 	0 	0 	0 	0 	0 	0 	0 	0 	2 	2.9957 		 	0.0909
967 	0 	0 	0 	0 	0 	0 	0 	0 	0 	0 	0 	2 	0 	0 	0 	0 	0 	0 	0 	0 	2.9957 		 	0.0909
968 	0 	1 	0 	0 	0 	0 	0 	0 	2 	0 	0 	0 	0 	0 	0 	3 	0 	0 	0 	0 	1.9843 		 	0.2727
969 	0 	0 	0 	0 	0 	0 	0 	2 	0 	0 	0 	0 	0 	0 	0 	0 	0 	4 	0 	0 	2.3592 		 	0.2727
970 	0 	0 	0 	0 	0 	0 	0 	0 	0 	0 	0 	0 	6 	0 	0 	0 	0 	0 	0 	0 	2.9957 		 	0.2727
971 	0 	0 	0 	0 	4 	0 	0 	0 	0 	2 	0 	0 	0 	0 	0 	0 	0 	0 	0 	0 	2.3592 		 	0.2727
972 	0 	0 	0 	0 	3 	0 	0 	0 	0 	1 	0 	0 	0 	0 	0 	0 	2 	0 	0 	0 	1.9843 		 	0.2727
973 	0 	0 	0 	0 	0 	0 	0 	0 	0 	0 	0 	0 	0 	0 	0 	0 	0 	0 	4 	0 	2.9957 		 	0.1818
974 	0 	0 	0 	0 	0 	0 	0 	0 	0 	0 	0 	0 	0 	0 	4 	0 	0 	0 	0 	0 	2.9957 		 	0.1818
975 	0 	0 	0 	0 	0 	0 	0 	0 	0 	0 	0 	0 	0 	0 	4 	0 	0 	0 	0 	0 	2.9957 		 	0.1818
976 	0 	0 	0 	4 	0 	0 	0 	0 	0 	0 	0 	0 	0 	0 	0 	0 	0 	0 	0 	0 	2.9957 		 	0.1818
# End LogoData
