## LogoData
# First column is position number, counting from zero
# Subsequent columns are raw symbol counts
# Entropy is mean entropy measured in nats.
# Low and High are the 95% confidence limits.
# Weight is the fraction of non-gap symbols in the column.
#	
#	A 	C 	D 	E 	F 	G 	H 	I 	K 	L 	M 	N 	P 	Q 	R 	S 	T 	V 	W 	Y 	Entropy	Low	High	Weight
1 	0 	0 	0 	0 	0 	0 	0 	0 	0 	0 	0 	0 	0 	0 	0 	0 	0 	0 	0 	2 	2.9957 		 	0.0364
2 	0 	0 	0 	2 	0 	0 	0 	0 	0 	0 	0 	0 	0 	0 	0 	0 	0 	0 	0 	0 	2.9957 		 	0.0364
3 	0 	0 	0 	0 	0 	0 	2 	0 	0 	0 	0 	0 	0 	0 	0 	0 	0 	0 	0 	0 	2.9957 		 	0.0364
4 	1 	0 	0 	0 	0 	0 	0 	0 	0 	0 	0 	0 	0 	0 	0 	0 	1 	0 	0 	0 	2.3026 		 	0.0364
5 	1 	0 	0 	0 	0 	0 	0 	0 	0 	0 	0 	0 	0 	0 	0 	0 	1 	0 	0 	0 	2.3026 		 	0.0364
6 	0 	0 	0 	0 	0 	0 	0 	0 	0 	0 	0 	0 	0 	0 	0 	0 	2 	0 	0 	0 	2.9957 		 	0.0364
7 	0 	0 	0 	0 	0 	0 	0 	1 	0 	0 	1 	0 	0 	0 	0 	0 	0 	1 	0 	0 	1.8971 		 	0.0545
8 	0 	0 	0 	0 	0 	1 	0 	0 	0 	0 	0 	0 	2 	0 	0 	0 	0 	0 	0 	0 	2.3592 		 	0.0545
9 	0 	0 	0 	0 	0 	0 	0 	0 	0 	0 	0 	2 	0 	0 	0 	0 	1 	0 	0 	0 	2.3592 		 	0.0545
10 	0 	0 	0 	0 	0 	0 	0 	1 	0 	0 	0 	0 	0 	0 	0 	0 	0 	2 	0 	0 	2.3592 		 	0.0545
11 	0 	0 	0 	0 	0 	0 	0 	1 	0 	0 	0 	0 	1 	0 	0 	0 	0 	1 	0 	0 	1.8971 		 	0.0545
12 	0 	0 	0 	0 	0 	1 	0 	0 	0 	0 	0 	0 	0 	2 	0 	0 	0 	0 	0 	0 	2.3592 		 	0.0545
13 	0 	0 	0 	0 	2 	0 	0 	1 	0 	0 	0 	0 	0 	0 	0 	0 	0 	0 	0 	0 	2.3592 		 	0.0545
14 	0 	0 	0 	0 	0 	0 	0 	0 	0 	1 	0 	0 	2 	0 	0 	0 	0 	0 	0 	0 	2.3592 		 	0.0545
15 	0 	0 	0 	0 	0 	0 	0 	0 	0 	0 	0 	0 	0 	0 	0 	0 	0 	1 	0 	2 	2.3592 		 	0.0545
16 	0 	0 	0 	0 	0 	0 	0 	0 	0 	0 	0 	0 	0 	0 	0 	0 	0 	1 	0 	0 	2.9957 		 	0.0182
17 	0 	0 	0 	0 	0 	0 	0 	0 	0 	0 	0 	0 	0 	0 	0 	1 	0 	0 	0 	0 	2.9957 		 	0.0182
18 	0 	1 	0 	0 	0 	0 	0 	0 	0 	0 	0 	0 	0 	0 	0 	0 	0 	0 	0 	0 	2.9957 		 	0.0182
19 	0 	0 	0 	0 	0 	0 	0 	0 	0 	1 	0 	0 	0 	0 	0 	0 	0 	0 	0 	0 	2.9957 		 	0.0182
20 	0 	0 	0 	0 	0 	0 	0 	0 	0 	1 	0 	0 	0 	0 	0 	0 	0 	0 	0 	0 	2.9957 		 	0.0182
21 	1 	0 	0 	0 	0 	0 	0 	0 	0 	0 	0 	0 	0 	0 	0 	0 	0 	0 	0 	0 	2.9957 		 	0.0182
22 	0 	0 	0 	0 	0 	1 	0 	0 	0 	0 	0 	0 	0 	0 	0 	0 	0 	0 	0 	0 	2.9957 		 	0.0182
23 	1 	0 	0 	0 	0 	0 	0 	0 	0 	0 	0 	0 	0 	0 	0 	0 	0 	0 	0 	0 	2.9957 		 	0.0182
24 	0 	0 	0 	0 	0 	1 	0 	0 	0 	0 	0 	0 	0 	0 	0 	0 	0 	0 	0 	0 	2.9957 		 	0.0182
25 	0 	0 	0 	0 	0 	0 	0 	0 	0 	0 	0 	0 	0 	0 	0 	1 	0 	0 	0 	0 	2.9957 		 	0.0182
26 	0 	0 	0 	0 	0 	0 	0 	0 	0 	1 	0 	0 	0 	0 	0 	0 	0 	0 	0 	0 	2.9957 		 	0.0182
27 	0 	0 	1 	0 	0 	0 	0 	0 	0 	0 	0 	0 	0 	0 	0 	0 	0 	0 	0 	0 	2.9957 		 	0.0182
28 	0 	0 	0 	0 	0 	0 	0 	0 	2 	0 	0 	0 	1 	0 	0 	0 	0 	0 	0 	0 	2.3592 		 	0.0545
29 	3 	0 	0 	0 	0 	0 	0 	0 	0 	0 	0 	0 	0 	0 	0 	0 	0 	0 	0 	0 	2.9957 		 	0.0545
30 	1 	0 	0 	0 	0 	0 	1 	0 	0 	1 	0 	0 	0 	0 	0 	0 	0 	0 	0 	0 	1.8971 		 	0.0545
31 	0 	0 	0 	0 	0 	0 	0 	1 	0 	1 	0 	0 	0 	0 	0 	0 	0 	1 	0 	0 	1.8971 		 	0.0545
32 	0 	0 	0 	2 	0 	0 	0 	0 	0 	0 	1 	0 	0 	0 	0 	0 	0 	0 	0 	0 	2.3592 		 	0.0545
33 	0 	0 	0 	0 	0 	0 	0 	0 	0 	0 	0 	0 	0 	1 	2 	0 	0 	0 	0 	0 	2.3592 		 	0.0545
34 	1 	0 	0 	0 	0 	0 	0 	1 	0 	0 	0 	1 	0 	0 	0 	0 	0 	0 	0 	0 	1.8971 		 	0.0545
35 	0 	0 	0 	0 	0 	2 	0 	0 	0 	0 	0 	0 	0 	0 	0 	0 	0 	0 	0 	0 	2.9957 		 	0.0364
36 	0 	0 	0 	0 	1 	0 	0 	0 	0 	0 	0 	0 	0 	0 	0 	0 	0 	1 	0 	1 	1.8971 		 	0.0545
37 	1 	0 	0 	0 	0 	0 	0 	1 	0 	0 	0 	0 	0 	0 	0 	1 	0 	0 	0 	0 	1.8971 		 	0.0545
38 	0 	0 	0 	0 	0 	0 	0 	0 	0 	0 	0 	0 	3 	0 	0 	0 	0 	0 	0 	0 	2.9957 		 	0.0545
39 	0 	0 	0 	0 	0 	0 	0 	0 	0 	1 	1 	0 	0 	0 	0 	0 	1 	0 	0 	0 	1.8971 		 	0.0545
40 	0 	0 	0 	0 	0 	0 	0 	0 	0 	0 	0 	2 	0 	0 	0 	0 	1 	0 	0 	0 	2.3592 		 	0.0545
41 	0 	0 	0 	0 	0 	0 	0 	0 	0 	2 	0 	0 	0 	0 	0 	0 	0 	1 	0 	0 	2.3592 		 	0.0545
42 	0 	0 	0 	1 	0 	0 	0 	0 	0 	0 	0 	0 	0 	1 	1 	0 	0 	0 	0 	0 	1.8971 		 	0.0545
43 	0 	0 	0 	0 	0 	0 	0 	1 	0 	1 	0 	0 	0 	1 	0 	0 	0 	0 	0 	0 	1.8971 		 	0.0545
44 	0 	0 	0 	1 	0 	0 	0 	0 	0 	1 	0 	0 	0 	0 	0 	0 	1 	0 	0 	0 	1.8971 		 	0.0545
45 	0 	0 	0 	0 	0 	0 	0 	0 	0 	0 	1 	0 	0 	0 	0 	0 	0 	2 	0 	0 	2.3592 		 	0.0545
46 	0 	0 	0 	0 	0 	0 	0 	0 	0 	0 	1 	0 	0 	0 	0 	0 	0 	1 	0 	1 	1.8971 		 	0.0545
47 	0 	0 	0 	0 	0 	0 	0 	0 	0 	0 	0 	0 	0 	0 	0 	1 	0 	0 	0 	0 	2.9957 		 	0.0182
48 	0 	0 	0 	0 	0 	0 	0 	0 	0 	0 	0 	0 	0 	0 	0 	1 	0 	0 	0 	0 	2.9957 		 	0.0182
49 	0 	0 	0 	1 	0 	0 	0 	0 	0 	0 	0 	0 	0 	0 	0 	1 	0 	0 	0 	0 	2.3026 		 	0.0364
50 	0 	0 	0 	0 	0 	0 	0 	0 	0 	1 	0 	0 	0 	0 	0 	0 	0 	1 	0 	0 	2.3026 		 	0.0364
51 	0 	0 	0 	1 	0 	0 	0 	0 	0 	1 	0 	0 	0 	0 	0 	0 	0 	0 	0 	1 	1.8971 		 	0.0545
52 	0 	0 	0 	0 	0 	0 	0 	0 	0 	0 	0 	0 	2 	0 	0 	0 	1 	0 	0 	0 	2.3592 		 	0.0545
53 	0 	0 	0 	1 	0 	0 	0 	0 	0 	0 	0 	0 	0 	0 	0 	1 	1 	0 	0 	0 	1.8971 		 	0.0545
54 	1 	0 	0 	0 	0 	0 	0 	0 	0 	1 	0 	0 	0 	0 	0 	0 	1 	0 	0 	0 	1.8971 		 	0.0545
55 	0 	0 	0 	0 	0 	0 	0 	0 	0 	0 	0 	2 	0 	0 	0 	1 	0 	0 	0 	0 	2.3592 		 	0.0545
56 	0 	0 	0 	0 	0 	0 	0 	0 	0 	1 	0 	0 	0 	1 	0 	1 	0 	0 	0 	0 	1.8971 		 	0.0545
57 	1 	0 	0 	2 	0 	0 	0 	0 	0 	0 	0 	0 	0 	0 	0 	0 	0 	0 	0 	0 	2.3592 		 	0.0545
58 	0 	0 	0 	0 	1 	0 	0 	0 	0 	0 	0 	0 	0 	0 	0 	0 	0 	0 	0 	2 	2.3592 		 	0.0545
59 	0 	0 	0 	0 	0 	0 	0 	3 	0 	0 	0 	0 	0 	0 	0 	0 	0 	0 	0 	0 	2.9957 		 	0.0545
60 	0 	0 	0 	0 	0 	0 	0 	0 	0 	0 	0 	0 	0 	0 	0 	0 	2 	1 	0 	0 	2.3592 		 	0.0545
61 	0 	2 	0 	0 	0 	0 	0 	0 	0 	0 	0 	0 	0 	0 	0 	0 	0 	1 	0 	0 	2.3592 		 	0.0545
62 	0 	0 	0 	1 	0 	0 	0 	0 	2 	0 	0 	0 	0 	0 	0 	0 	0 	0 	0 	0 	2.3592 		 	0.0545
63 	0 	0 	0 	0 	1 	0 	0 	0 	0 	1 	0 	0 	0 	0 	0 	0 	0 	0 	0 	1 	1.8971 		 	0.0545
64 	0 	0 	0 	0 	0 	0 	0 	0 	1 	0 	1 	0 	0 	0 	0 	0 	1 	0 	0 	0 	1.8971 		 	0.0545
65 	0 	0 	0 	0 	0 	0 	0 	0 	0 	0 	0 	0 	1 	0 	0 	0 	2 	0 	0 	0 	2.3592 		 	0.0545
66 	0 	0 	0 	0 	0 	0 	0 	0 	0 	0 	0 	0 	0 	0 	0 	0 	1 	2 	0 	0 	2.3592 		 	0.0545
67 	0 	0 	0 	0 	0 	0 	0 	1 	0 	0 	0 	0 	0 	0 	0 	0 	0 	2 	0 	0 	2.3592 		 	0.0545
68 	0 	0 	1 	0 	0 	0 	0 	0 	0 	0 	0 	0 	2 	0 	0 	0 	0 	0 	0 	0 	2.3592 		 	0.0545
69 	0 	0 	0 	0 	0 	0 	0 	0 	0 	0 	0 	0 	0 	0 	0 	3 	0 	0 	0 	0 	2.9957 		 	0.0545
70 	0 	0 	0 	0 	0 	0 	0 	0 	0 	0 	0 	0 	3 	0 	0 	0 	0 	0 	0 	0 	2.9957 		 	0.0545
71 	0 	0 	0 	0 	1 	0 	0 	1 	1 	0 	0 	0 	0 	0 	0 	0 	0 	0 	0 	0 	1.8971 		 	0.0545
72 	0 	0 	0 	0 	0 	0 	0 	2 	0 	0 	0 	0 	0 	0 	0 	1 	0 	0 	0 	0 	2.3592 		 	0.0545
73 	0 	0 	0 	0 	0 	1 	0 	0 	2 	0 	0 	0 	0 	0 	0 	0 	0 	0 	0 	0 	2.3592 		 	0.0545
74 	0 	3 	0 	0 	0 	0 	0 	0 	0 	0 	0 	0 	0 	0 	0 	0 	0 	0 	0 	0 	2.9957 		 	0.0545
75 	0 	2 	0 	0 	0 	0 	0 	0 	0 	0 	0 	1 	0 	0 	0 	0 	0 	0 	0 	0 	2.3592 		 	0.0545
76 	0 	0 	0 	0 	0 	2 	0 	1 	0 	0 	0 	0 	0 	0 	0 	0 	0 	0 	0 	0 	2.3592 		 	0.0545
77 	0 	0 	0 	0 	0 	0 	0 	0 	0 	0 	0 	0 	0 	0 	0 	1 	2 	0 	0 	0 	2.3592 		 	0.0545
78 	0 	0 	0 	0 	0 	0 	0 	0 	0 	1 	0 	0 	0 	0 	0 	2 	0 	0 	0 	0 	2.3592 		 	0.0545
79 	0 	0 	0 	2 	0 	0 	0 	1 	0 	0 	0 	0 	0 	0 	0 	0 	0 	0 	0 	0 	2.3592 		 	0.0545
80 	0 	2 	0 	0 	0 	0 	0 	0 	0 	0 	0 	0 	0 	0 	0 	1 	0 	0 	0 	0 	2.3592 		 	0.0545
81 	0 	0 	0 	0 	0 	0 	0 	0 	0 	0 	0 	0 	0 	1 	0 	2 	0 	0 	0 	0 	2.3592 		 	0.0545
82 	0 	0 	0 	0 	0 	0 	0 	0 	0 	0 	0 	0 	1 	0 	0 	1 	0 	0 	0 	1 	1.8971 		 	0.0545
83 	0 	0 	0 	0 	0 	0 	0 	0 	0 	0 	0 	1 	0 	0 	0 	0 	0 	0 	0 	0 	2.9957 		 	0.0182
84 	1 	0 	0 	0 	0 	0 	0 	0 	0 	0 	0 	0 	0 	0 	0 	0 	0 	0 	0 	0 	2.9957 		 	0.0182
85 	0 	0 	0 	0 	0 	0 	0 	0 	0 	0 	0 	0 	0 	0 	0 	0 	1 	0 	0 	0 	2.9957 		 	0.0182
86 	0 	0 	0 	0 	0 	0 	0 	0 	0 	0 	0 	0 	0 	0 	0 	0 	0 	1 	0 	0 	2.9957 		 	0.0182
87 	0 	0 	0 	0 	0 	0 	0 	0 	0 	0 	0 	0 	0 	0 	0 	0 	1 	0 	0 	0 	2.9957 		 	0.0182
88 	0 	0 	0 	0 	0 	0 	0 	0 	1 	0 	0 	0 	0 	0 	0 	0 	0 	0 	0 	0 	2.9957 		 	0.0182
89 	0 	0 	0 	0 	0 	0 	0 	0 	0 	1 	0 	0 	0 	0 	0 	0 	0 	0 	0 	0 	2.9957 		 	0.0182
90 	0 	0 	0 	0 	0 	0 	0 	0 	0 	1 	0 	0 	0 	0 	0 	0 	0 	0 	0 	0 	2.9957 		 	0.0182
91 	0 	0 	0 	0 	0 	0 	0 	0 	0 	0 	0 	0 	0 	1 	0 	0 	0 	0 	0 	0 	2.9957 		 	0.0182
92 	0 	0 	0 	0 	0 	0 	0 	0 	0 	0 	0 	0 	1 	0 	0 	0 	0 	0 	0 	0 	2.9957 		 	0.0182
93 	0 	0 	0 	0 	0 	0 	0 	1 	0 	0 	0 	0 	0 	0 	0 	0 	0 	0 	0 	0 	2.9957 		 	0.0182
94 	0 	0 	0 	0 	0 	1 	0 	0 	0 	0 	0 	0 	0 	0 	0 	0 	0 	0 	0 	0 	2.9957 		 	0.0182
95 	0 	0 	0 	1 	0 	0 	0 	0 	0 	0 	0 	0 	0 	0 	0 	0 	0 	0 	0 	0 	2.9957 		 	0.0182
96 	0 	0 	0 	0 	0 	0 	0 	0 	0 	0 	0 	1 	0 	0 	0 	0 	0 	0 	0 	0 	2.9957 		 	0.0182
97 	0 	0 	0 	0 	0 	0 	0 	0 	0 	1 	0 	0 	0 	0 	0 	0 	0 	0 	0 	0 	2.9957 		 	0.0182
98 	0 	0 	0 	1 	0 	0 	0 	0 	0 	0 	0 	0 	0 	0 	0 	0 	0 	0 	0 	0 	2.9957 		 	0.0182
99 	0 	0 	0 	0 	0 	0 	0 	0 	0 	0 	0 	0 	0 	0 	0 	0 	1 	0 	0 	0 	2.9957 		 	0.0182
100 	0 	0 	0 	0 	0 	0 	0 	1 	0 	0 	0 	0 	0 	0 	0 	0 	0 	0 	0 	0 	2.9957 		 	0.0182
101 	0 	0 	0 	0 	0 	0 	0 	0 	0 	0 	0 	0 	0 	0 	1 	0 	0 	0 	0 	0 	2.9957 		 	0.0182
102 	0 	0 	0 	0 	0 	0 	0 	0 	0 	0 	0 	1 	0 	0 	0 	0 	0 	0 	0 	0 	2.9957 		 	0.0182
103 	1 	0 	0 	0 	0 	0 	0 	0 	1 	0 	0 	0 	0 	1 	0 	0 	0 	0 	0 	0 	1.8971 		 	0.0545
104 	1 	0 	0 	1 	0 	0 	0 	0 	0 	1 	0 	0 	0 	0 	0 	0 	0 	0 	0 	0 	1.8971 		 	0.0545
105 	0 	0 	0 	0 	0 	0 	1 	1 	0 	0 	0 	0 	0 	1 	0 	0 	0 	0 	0 	0 	1.8971 		 	0.0545
106 	1 	0 	0 	0 	0 	0 	0 	0 	0 	0 	0 	0 	2 	0 	0 	0 	0 	0 	0 	0 	2.3592 		 	0.0545
107 	0 	0 	2 	0 	0 	0 	0 	0 	0 	0 	0 	0 	0 	0 	0 	0 	1 	0 	0 	0 	2.3592 		 	0.0545
108 	0 	0 	0 	0 	0 	0 	0 	0 	0 	0 	0 	0 	0 	0 	1 	0 	0 	0 	0 	2 	2.3592 		 	0.0545
109 	0 	0 	0 	0 	0 	0 	0 	0 	0 	0 	0 	0 	0 	1 	1 	0 	1 	0 	0 	0 	1.8971 		 	0.0545
110 	0 	2 	0 	0 	0 	0 	0 	0 	0 	0 	0 	0 	0 	0 	1 	0 	0 	0 	0 	0 	2.3592 		 	0.0545
111 	0 	0 	0 	0 	0 	0 	0 	0 	2 	0 	0 	0 	0 	0 	1 	0 	0 	0 	0 	0 	2.3592 		 	0.0545
112 	0 	0 	0 	0 	0 	0 	0 	0 	0 	0 	0 	0 	0 	0 	1 	0 	0 	2 	0 	0 	2.3592 		 	0.0545
113 	0 	0 	0 	0 	47 	0 	0 	0 	0 	7 	0 	0 	0 	0 	0 	0 	0 	0 	0 	1 	2.5262 		 	1.0000
114 	28 	0 	0 	0 	8 	1 	0 	12 	0 	5 	0 	0 	0 	0 	0 	0 	1 	0 	0 	0 	1.6757 		 	1.0000
115 	0 	0 	0 	0 	0 	55 	0 	0 	0 	0 	0 	0 	0 	0 	0 	0 	0 	0 	0 	0 	2.9957 		 	1.0000
116 	18 	0 	0 	1 	5 	1 	0 	4 	0 	0 	0 	0 	0 	0 	0 	0 	0 	26 	0 	0 	1.7217 		 	1.0000
117 	0 	0 	0 	0 	0 	0 	0 	0 	0 	0 	0 	0 	0 	0 	0 	0 	0 	0 	0 	2 	2.9957 		 	0.0364
118 	0 	0 	0 	0 	0 	0 	0 	0 	0 	0 	0 	0 	2 	0 	0 	0 	0 	0 	0 	0 	2.9957 		 	0.0364
119 	0 	0 	0 	0 	2 	0 	0 	0 	0 	0 	0 	0 	0 	0 	0 	0 	0 	0 	0 	0 	2.9957 		 	0.0364
120 	6 	0 	0 	0 	0 	0 	0 	14 	0 	5 	2 	0 	0 	0 	0 	0 	0 	28 	0 	0 	1.7235 		 	1.0000
121 	0 	0 	0 	0 	0 	0 	0 	27 	0 	20 	2 	0 	0 	0 	0 	0 	0 	4 	2 	0 	1.8469 		 	1.0000
122 	18 	0 	0 	0 	0 	37 	0 	0 	0 	0 	0 	0 	0 	0 	0 	0 	0 	0 	0 	0 	2.3635 		 	1.0000
123 	0 	0 	0 	0 	0 	27 	0 	4 	0 	6 	0 	0 	0 	0 	0 	5 	8 	0 	0 	0 	1.6830 		 	0.9091
124 	28 	0 	0 	0 	0 	0 	0 	9 	0 	0 	0 	0 	0 	0 	0 	0 	0 	13 	0 	0 	2.0121 		 	0.9091
125 	48 	0 	0 	0 	0 	0 	0 	0 	0 	0 	0 	0 	0 	1 	0 	0 	0 	0 	0 	1 	2.8001 		 	0.9091
126 	0 	2 	0 	0 	0 	0 	0 	3 	0 	45 	0 	0 	0 	0 	0 	0 	0 	0 	0 	0 	2.6033 		 	0.9091
127 	0 	0 	0 	0 	2 	48 	0 	0 	0 	0 	0 	0 	0 	0 	0 	0 	0 	0 	0 	0 	2.8278 		 	0.9091
128 	0 	2 	0 	0 	0 	0 	0 	3 	0 	0 	0 	0 	0 	0 	0 	0 	0 	50 	0 	0 	2.6299 		 	1.0000
129 	0 	0 	2 	0 	0 	0 	0 	0 	0 	0 	0 	0 	0 	0 	0 	0 	0 	0 	0 	0 	2.9957 		 	0.0364
130 	48 	0 	0 	0 	0 	5 	0 	0 	0 	0 	0 	0 	0 	0 	0 	2 	0 	0 	0 	0 	2.5384 		 	1.0000
131 	0 	0 	0 	2 	0 	0 	0 	0 	0 	0 	0 	0 	0 	0 	0 	0 	48 	0 	0 	0 	2.8278 		 	0.9091
132 	39 	0 	0 	0 	0 	0 	0 	0 	0 	0 	0 	2 	2 	0 	0 	7 	0 	0 	0 	0 	2.2692 		 	0.9091
133 	48 	0 	0 	0 	0 	0 	0 	0 	0 	0 	0 	0 	0 	0 	0 	6 	1 	0 	0 	0 	2.5624 		 	1.0000
134 	5 	0 	0 	0 	0 	0 	0 	0 	0 	0 	0 	0 	0 	50 	0 	0 	0 	0 	0 	0 	2.6911 		 	1.0000
135 	0 	0 	0 	0 	0 	0 	0 	46 	0 	1 	1 	0 	0 	0 	0 	0 	0 	7 	0 	0 	2.4382 		 	1.0000
136 	5 	0 	0 	0 	0 	0 	0 	0 	0 	0 	0 	0 	0 	0 	0 	2 	48 	0 	0 	0 	2.5384 		 	1.0000
137 	48 	0 	0 	2 	0 	0 	0 	0 	0 	0 	0 	0 	0 	0 	0 	5 	0 	0 	0 	0 	2.5384 		 	1.0000
138 	26 	0 	0 	0 	0 	29 	0 	0 	0 	0 	0 	0 	0 	0 	0 	0 	0 	0 	0 	0 	2.3041 		 	1.0000
139 	4 	0 	0 	0 	0 	0 	0 	24 	0 	0 	0 	0 	0 	0 	0 	8 	1 	16 	0 	2 	1.6102 		 	1.0000
140 	0 	0 	0 	0 	0 	0 	0 	0 	0 	0 	0 	0 	0 	0 	0 	0 	0 	2 	0 	0 	2.9957 		 	0.0364
141 	0 	0 	1 	1 	0 	0 	0 	0 	0 	0 	0 	0 	0 	0 	0 	0 	0 	0 	0 	0 	2.3026 		 	0.0364
142 	0 	0 	0 	0 	0 	0 	0 	0 	0 	1 	0 	0 	0 	0 	1 	0 	0 	0 	0 	0 	2.3026 		 	0.0364
143 	0 	0 	0 	0 	0 	0 	0 	0 	0 	0 	0 	0 	0 	0 	0 	2 	0 	0 	0 	0 	2.9957 		 	0.0364
144 	1 	0 	1 	0 	0 	0 	0 	0 	0 	0 	0 	0 	0 	0 	0 	0 	0 	0 	0 	0 	2.3026 		 	0.0364
145 	0 	0 	1 	0 	0 	0 	0 	0 	0 	0 	0 	0 	0 	0 	0 	0 	0 	1 	0 	0 	2.3026 		 	0.0364
146 	0 	2 	0 	0 	0 	0 	0 	0 	0 	0 	0 	0 	0 	0 	0 	0 	0 	0 	0 	0 	2.9957 		 	0.0364
147 	50 	0 	0 	0 	0 	0 	0 	0 	1 	0 	0 	0 	0 	0 	0 	4 	0 	0 	0 	0 	2.6456 		 	1.0000
148 	0 	0 	0 	0 	0 	0 	1 	3 	0 	44 	0 	0 	0 	0 	0 	1 	0 	6 	0 	0 	2.2711 		 	1.0000
149 	6 	0 	2 	0 	0 	0 	15 	12 	0 	0 	0 	0 	0 	0 	0 	5 	0 	12 	0 	3 	1.2382 		 	1.0000
150 	0 	0 	0 	10 	0 	0 	2 	0 	11 	1 	0 	0 	0 	31 	0 	0 	0 	0 	0 	0 	1.8474 		 	1.0000
151 	34 	0 	0 	0 	0 	0 	0 	0 	0 	0 	0 	0 	0 	0 	0 	16 	0 	5 	0 	0 	2.1212 		 	1.0000
152 	0 	0 	0 	0 	0 	0 	0 	0 	6 	6 	16 	16 	0 	5 	6 	0 	0 	0 	0 	0 	1.3342 		 	1.0000
153 	6 	0 	0 	8 	0 	0 	5 	0 	2 	12 	4 	0 	0 	14 	0 	0 	4 	0 	0 	0 	1.0734 		 	1.0000
154 	8 	0 	0 	0 	0 	0 	0 	1 	0 	5 	0 	39 	0 	0 	0 	1 	0 	0 	0 	1 	2.0350 		 	1.0000
155 	26 	0 	0 	5 	0 	0 	0 	0 	8 	0 	0 	0 	0 	0 	2 	12 	2 	0 	0 	0 	1.5699 		 	1.0000
156 	19 	0 	2 	0 	0 	5 	0 	0 	1 	0 	0 	0 	0 	16 	9 	2 	0 	1 	0 	0 	1.3684 		 	1.0000
157 	26 	0 	8 	5 	0 	0 	2 	0 	0 	0 	0 	14 	0 	0 	0 	0 	0 	0 	0 	0 	1.6743 		 	1.0000
158 	0 	0 	0 	0 	0 	0 	0 	48 	0 	0 	0 	0 	0 	0 	0 	0 	2 	5 	0 	0 	2.5384 		 	1.0000
159 	12 	0 	10 	6 	0 	0 	0 	0 	0 	14 	0 	11 	0 	2 	0 	0 	0 	0 	0 	0 	1.3212 		 	1.0000
160 	5 	0 	0 	0 	0 	0 	0 	0 	10 	7 	0 	15 	0 	0 	11 	7 	0 	0 	0 	0 	1.2668 		 	1.0000
161 	0 	0 	0 	0 	0 	0 	0 	11 	0 	39 	5 	0 	0 	0 	0 	0 	0 	0 	0 	0 	2.2121 		 	1.0000
162 	4 	0 	0 	0 	0 	0 	0 	0 	39 	0 	0 	0 	0 	0 	12 	0 	0 	0 	0 	0 	2.2292 		 	1.0000
163 	17 	0 	1 	19 	0 	0 	0 	0 	0 	0 	0 	8 	0 	0 	0 	8 	1 	1 	0 	0 	1.4862 		 	1.0000
164 	9 	0 	0 	0 	0 	1 	0 	0 	0 	0 	0 	0 	0 	0 	0 	44 	1 	0 	0 	0 	2.3753 		 	1.0000
165 	0 	0 	0 	0 	0 	0 	0 	28 	0 	22 	5 	0 	0 	0 	0 	0 	0 	0 	0 	0 	2.0675 		 	1.0000
166 	11 	0 	0 	17 	0 	0 	0 	1 	0 	5 	0 	0 	0 	10 	4 	0 	6 	1 	0 	0 	1.2049 		 	1.0000
167 	16 	0 	2 	0 	0 	0 	0 	2 	8 	0 	0 	0 	0 	2 	0 	11 	14 	0 	0 	0 	1.3244 		 	1.0000
168 	0 	0 	0 	0 	0 	0 	0 	0 	0 	0 	0 	0 	0 	0 	0 	3 	51 	1 	0 	0 	2.6942 		 	1.0000
169 	0 	0 	0 	0 	0 	0 	6 	1 	0 	0 	0 	46 	0 	0 	0 	0 	0 	0 	0 	0 	2.5513 		 	0.9636
170 	3 	0 	0 	14 	0 	0 	0 	0 	17 	0 	0 	1 	0 	14 	4 	0 	0 	0 	0 	0 	1.4952 		 	0.9636
171 	47 	0 	0 	0 	0 	0 	0 	0 	0 	0 	0 	0 	0 	0 	0 	6 	0 	0 	0 	0 	2.6426 		 	0.9636
172 	0 	0 	0 	0 	0 	0 	0 	22 	0 	0 	0 	0 	0 	0 	0 	0 	0 	31 	0 	0 	2.3171 		 	0.9636
173 	2 	0 	1 	21 	4 	0 	12 	0 	0 	0 	0 	0 	0 	2 	0 	4 	0 	7 	0 	0 	1.3130 		 	0.9636
174 	10 	0 	6 	22 	0 	0 	0 	0 	2 	6 	0 	0 	0 	0 	0 	7 	0 	0 	0 	0 	1.4318 		 	0.9636
175 	0 	0 	0 	0 	0 	0 	0 	17 	0 	12 	0 	0 	0 	0 	0 	0 	0 	24 	0 	0 	1.9359 		 	0.9636
176 	0 	0 	0 	0 	0 	0 	0 	4 	4 	0 	0 	0 	0 	10 	16 	5 	12 	2 	0 	0 	1.2468 		 	0.9636
177 	0 	0 	14 	7 	0 	0 	0 	0 	0 	0 	0 	11 	0 	17 	1 	3 	0 	0 	0 	2 	1.3482 		 	1.0000
178 	25 	0 	0 	0 	0 	22 	0 	0 	0 	0 	0 	0 	0 	0 	0 	3 	3 	0 	0 	0 	1.9512 		 	0.9636
179 	2 	0 	0 	0 	0 	14 	0 	2 	0 	12 	0 	0 	0 	0 	0 	4 	8 	11 	0 	0 	1.2537 		 	0.9636
180 	0 	0 	0 	2 	0 	8 	0 	0 	0 	0 	0 	0 	0 	22 	4 	17 	0 	0 	0 	0 	1.6619 		 	0.9636
181 	0 	0 	0 	21 	0 	0 	0 	0 	2 	0 	0 	3 	0 	15 	1 	2 	4 	5 	0 	0 	1.3691 		 	0.9636
182 	0 	0 	0 	0 	0 	0 	0 	5 	0 	25 	14 	0 	0 	6 	0 	0 	3 	0 	0 	0 	1.6577 		 	0.9636
183 	20 	0 	0 	0 	0 	4 	0 	22 	0 	0 	0 	0 	0 	0 	0 	0 	5 	4 	0 	0 	1.6621 		 	1.0000
184 	0 	0 	0 	0 	0 	0 	0 	7 	0 	19 	0 	1 	0 	0 	0 	5 	7 	14 	0 	2 	1.3442 		 	1.0000
185 	46 	0 	0 	0 	0 	0 	0 	1 	5 	0 	0 	0 	0 	0 	0 	0 	1 	2 	0 	0 	2.3621 		 	1.0000
186 	0 	0 	0 	0 	0 	0 	0 	2 	0 	8 	0 	1 	0 	0 	0 	0 	1 	43 	0 	0 	2.2566 		 	1.0000
187 	0 	0 	0 	0 	0 	12 	0 	0 	8 	5 	0 	0 	0 	27 	0 	1 	2 	0 	0 	0 	1.6225 		 	1.0000
188 	12 	0 	5 	0 	1 	16 	0 	0 	12 	0 	0 	0 	0 	0 	0 	2 	7 	0 	0 	0 	1.2985 		 	1.0000
189 	0 	0 	0 	0 	0 	0 	0 	7 	0 	14 	12 	0 	0 	0 	0 	0 	1 	21 	0 	0 	1.6124 		 	1.0000
190 	0 	0 	1 	1 	0 	0 	0 	0 	5 	0 	0 	0 	0 	48 	0 	0 	0 	0 	0 	0 	2.5132 		 	1.0000
191 	1 	0 	36 	0 	0 	0 	0 	0 	0 	0 	0 	5 	0 	12 	0 	0 	0 	1 	0 	0 	2.0224 		 	1.0000
192 	0 	0 	0 	0 	19 	0 	9 	0 	0 	0 	0 	0 	0 	0 	1 	0 	0 	0 	0 	26 	1.9053 		 	1.0000
193 	0 	0 	0 	0 	0 	0 	0 	30 	0 	0 	0 	0 	0 	0 	0 	0 	0 	25 	0 	0 	2.3067 		 	1.0000
194 	0 	0 	3 	0 	0 	0 	0 	0 	0 	0 	0 	52 	0 	0 	0 	0 	0 	0 	0 	0 	2.7840 		 	1.0000
195 	0 	0 	17 	0 	0 	6 	0 	0 	4 	0 	0 	20 	0 	0 	0 	2 	6 	0 	0 	0 	1.4704 		 	1.0000
196 	3 	0 	0 	25 	0 	0 	0 	4 	0 	0 	0 	2 	0 	16 	1 	0 	0 	4 	0 	0 	1.5449 		 	1.0000
197 	0 	0 	0 	0 	12 	0 	1 	12 	0 	23 	4 	0 	0 	0 	0 	0 	1 	2 	0 	0 	1.5100 		 	1.0000
198 	2 	0 	0 	0 	0 	0 	0 	10 	5 	5 	0 	16 	1 	0 	1 	2 	0 	13 	0 	0 	1.1629 		 	1.0000
199 	0 	0 	0 	0 	0 	1 	0 	0 	7 	0 	0 	8 	33 	0 	0 	1 	4 	1 	0 	0 	1.7373 		 	1.0000
200 	14 	0 	0 	0 	0 	4 	0 	5 	0 	0 	0 	1 	0 	4 	0 	12 	15 	0 	0 	0 	1.2888 		 	1.0000
201 	11 	0 	0 	0 	0 	0 	0 	15 	0 	6 	15 	0 	0 	0 	0 	1 	1 	6 	0 	0 	1.3360 		 	1.0000
202 	1 	0 	2 	0 	0 	6 	0 	0 	1 	0 	0 	19 	0 	14 	0 	5 	7 	0 	0 	0 	1.2920 		 	1.0000
203 	2 	0 	0 	18 	0 	0 	2 	0 	4 	0 	0 	4 	0 	18 	2 	3 	0 	0 	0 	0 	1.3386 		 	0.9636
204 	6 	0 	0 	0 	0 	0 	0 	2 	0 	33 	6 	0 	0 	5 	0 	1 	0 	0 	0 	0 	1.7862 		 	0.9636
205 	0 	0 	10 	0 	0 	9 	0 	0 	0 	0 	0 	3 	0 	0 	1 	30 	0 	0 	0 	0 	1.8204 		 	0.9636
206 	0 	52 	0 	0 	0 	0 	0 	0 	0 	0 	0 	0 	0 	0 	0 	0 	0 	0 	1 	0 	2.9021 		 	0.9636
207 	0 	0 	13 	11 	0 	0 	0 	12 	4 	0 	0 	0 	0 	4 	7 	2 	0 	0 	0 	0 	1.2073 		 	0.9636
208 	7 	0 	0 	0 	0 	0 	0 	12 	10 	12 	1 	0 	0 	2 	2 	1 	6 	0 	0 	0 	1.0973 		 	0.9636
209 	7 	0 	0 	0 	0 	0 	3 	23 	0 	4 	0 	0 	0 	3 	0 	5 	3 	5 	0 	0 	1.2380 		 	0.9636
210 	11 	0 	10 	2 	0 	18 	0 	0 	0 	0 	0 	5 	0 	0 	0 	0 	7 	0 	0 	0 	1.3742 		 	0.9636
211 	6 	0 	0 	0 	0 	0 	1 	5 	0 	10 	0 	4 	0 	27 	0 	0 	0 	0 	0 	0 	1.5982 		 	0.9636
212 	1 	0 	0 	6 	0 	0 	0 	2 	16 	4 	0 	0 	0 	16 	7 	1 	0 	0 	0 	0 	1.2901 		 	0.9636
213 	0 	0 	0 	0 	0 	0 	0 	6 	0 	30 	0 	0 	0 	0 	0 	0 	5 	12 	0 	0 	1.8679 		 	0.9636
214 	4 	0 	2 	0 	0 	42 	0 	0 	0 	0 	0 	0 	0 	0 	0 	0 	0 	5 	0 	0 	2.2700 		 	0.9636
215 	0 	0 	0 	0 	0 	0 	0 	13 	0 	18 	0 	0 	0 	0 	0 	6 	4 	12 	0 	0 	1.5063 		 	0.9636
216 	4 	0 	0 	17 	0 	0 	0 	6 	21 	0 	0 	0 	0 	0 	1 	3 	0 	0 	0 	1 	1.5102 		 	0.9636
217 	0 	0 	0 	0 	5 	0 	0 	0 	0 	48 	0 	0 	0 	0 	0 	0 	0 	0 	0 	0 	2.6833 		 	0.9636
218 	0 	0 	0 	0 	0 	4 	0 	0 	0 	16 	0 	18 	0 	5 	0 	2 	8 	0 	0 	0 	1.4406 		 	0.9636
219 	0 	0 	0 	0 	0 	0 	0 	0 	2 	22 	0 	0 	0 	13 	16 	0 	0 	0 	0 	0 	1.8008 		 	0.9636
220 	0 	0 	0 	0 	0 	0 	8 	0 	4 	0 	1 	0 	0 	0 	0 	0 	0 	0 	0 	40 	2.2280 		 	0.9636
221 	0 	0 	0 	0 	0 	0 	0 	0 	0 	24 	0 	5 	0 	0 	0 	0 	0 	0 	0 	24 	2.0555 		 	0.9636
222 	0 	0 	0 	0 	1 	0 	0 	0 	0 	0 	0 	3 	0 	0 	0 	11 	38 	0 	0 	0 	2.1934 		 	0.9636
223 	0 	0 	3 	44 	0 	3 	0 	0 	0 	0 	0 	0 	0 	0 	5 	0 	0 	0 	0 	0 	2.2819 		 	1.0000
224 	0 	0 	0 	0 	0 	0 	0 	14 	0 	40 	0 	0 	0 	0 	0 	1 	0 	0 	0 	0 	2.3430 		 	1.0000
225 	1 	0 	0 	0 	0 	0 	0 	0 	2 	28 	0 	0 	0 	0 	0 	0 	24 	0 	0 	0 	2.0968 		 	1.0000
226 	0 	0 	0 	5 	3 	0 	0 	0 	0 	0 	0 	2 	0 	0 	0 	16 	28 	1 	0 	0 	1.7228 		 	1.0000
227 	6 	0 	0 	0 	0 	0 	0 	16 	0 	14 	0 	0 	0 	0 	0 	0 	0 	19 	0 	0 	1.6794 		 	1.0000
228 	1 	0 	0 	0 	49 	0 	0 	0 	0 	0 	0 	1 	0 	0 	0 	0 	4 	0 	0 	0 	2.5565 		 	1.0000
229 	0 	0 	0 	0 	0 	39 	6 	0 	0 	0 	0 	0 	0 	3 	6 	1 	0 	0 	0 	0 	2.0371 		 	1.0000
230 	0 	0 	2 	5 	0 	0 	0 	0 	0 	0 	0 	6 	36 	0 	0 	6 	0 	0 	0 	0 	1.8964 		 	1.0000
231 	0 	0 	0 	0 	5 	0 	0 	2 	0 	0 	0 	10 	0 	22 	0 	16 	0 	0 	0 	0 	1.6216 		 	1.0000
232 	0 	0 	0 	0 	5 	0 	0 	20 	0 	23 	0 	0 	0 	0 	0 	7 	0 	0 	0 	0 	1.7829 		 	1.0000
233 	1 	0 	0 	0 	0 	8 	0 	4 	0 	0 	0 	0 	0 	2 	16 	0 	18 	6 	0 	0 	1.3649 		 	1.0000
234 	1 	0 	18 	0 	0 	0 	0 	0 	0 	0 	0 	15 	0 	0 	0 	14 	7 	0 	0 	0 	1.5923 		 	1.0000
235 	5 	0 	0 	0 	1 	0 	0 	6 	0 	2 	0 	0 	40 	0 	0 	0 	0 	0 	1 	0 	2.0382 		 	1.0000
236 	22 	0 	0 	0 	0 	11 	0 	14 	1 	0 	0 	0 	0 	1 	0 	1 	1 	4 	0 	0 	1.4770 		 	1.0000
237 	0 	0 	0 	0 	0 	0 	0 	0 	0 	0 	0 	0 	2 	0 	0 	0 	0 	0 	0 	0 	2.9957 		 	0.0364
238 	0 	0 	0 	0 	2 	0 	0 	0 	0 	0 	0 	0 	0 	0 	0 	0 	0 	0 	0 	0 	2.9957 		 	0.0364
239 	0 	0 	2 	8 	1 	0 	0 	0 	0 	21 	0 	0 	0 	0 	0 	18 	0 	0 	0 	0 	1.7634 		 	0.9091
240 	16 	0 	0 	0 	0 	0 	1 	0 	8 	0 	0 	8 	0 	0 	0 	6 	11 	0 	0 	0 	1.3789 		 	0.9091
241 	0 	0 	0 	16 	0 	2 	0 	0 	6 	0 	0 	0 	11 	7 	0 	8 	0 	0 	0 	0 	1.3463 		 	0.9091
242 	0 	0 	0 	0 	0 	0 	0 	24 	0 	22 	2 	0 	0 	0 	1 	0 	0 	1 	0 	0 	1.9970 		 	0.9091
243 	0 	0 	0 	0 	0 	0 	0 	0 	2 	0 	0 	0 	0 	0 	0 	24 	22 	2 	0 	0 	2.0247 		 	0.9091
244 	0 	0 	0 	0 	0 	0 	0 	41 	0 	8 	0 	0 	0 	0 	0 	0 	0 	1 	0 	0 	2.4615 		 	0.9091
245 	0 	0 	0 	0 	0 	0 	1 	0 	0 	0 	0 	0 	0 	48 	0 	0 	0 	0 	0 	1 	2.8001 		 	0.9091
246 	0 	0 	0 	0 	0 	0 	0 	0 	1 	0 	0 	0 	0 	0 	1 	0 	0 	0 	0 	0 	2.3026 		 	0.0364
247 	46 	0 	1 	0 	0 	3 	0 	0 	0 	0 	0 	0 	0 	0 	0 	0 	0 	0 	0 	0 	2.6720 		 	0.9091
248 	0 	0 	1 	0 	0 	0 	0 	0 	0 	1 	0 	0 	0 	0 	0 	0 	0 	0 	0 	0 	2.3026 		 	0.0364
249 	0 	0 	0 	0 	0 	0 	0 	0 	0 	0 	0 	0 	0 	0 	0 	0 	0 	2 	0 	0 	2.9957 		 	0.0364
250 	0 	0 	0 	0 	0 	0 	0 	0 	0 	0 	0 	0 	0 	0 	0 	0 	0 	0 	0 	2 	2.9957 		 	0.0364
251 	0 	0 	0 	0 	0 	0 	0 	0 	0 	0 	0 	2 	0 	0 	0 	0 	0 	0 	0 	0 	2.9957 		 	0.0364
252 	0 	0 	0 	0 	0 	0 	0 	0 	0 	0 	0 	0 	0 	1 	0 	0 	0 	0 	0 	1 	2.3026 		 	0.0364
253 	0 	0 	2 	0 	0 	0 	0 	4 	0 	44 	0 	0 	0 	0 	0 	0 	0 	0 	0 	0 	2.5524 		 	0.9091
254 	2 	0 	0 	0 	2 	0 	0 	1 	0 	0 	0 	0 	0 	0 	10 	23 	0 	0 	0 	12 	1.6384 		 	0.9091
255 	0 	0 	0 	0 	0 	0 	0 	6 	0 	0 	0 	12 	2 	2 	0 	12 	0 	0 	0 	16 	1.4342 		 	0.9091
256 	17 	0 	0 	1 	0 	0 	0 	1 	0 	29 	0 	0 	1 	0 	0 	0 	0 	1 	0 	0 	2.0000 		 	0.9091
257 	12 	0 	0 	0 	2 	0 	0 	0 	0 	26 	0 	0 	0 	0 	0 	0 	0 	0 	0 	10 	1.8625 		 	0.9091
258 	0 	0 	0 	0 	0 	42 	1 	0 	0 	0 	0 	0 	0 	0 	1 	6 	0 	0 	0 	0 	2.4384 		 	0.9091
259 	7 	0 	0 	0 	0 	30 	0 	0 	0 	0 	0 	0 	0 	0 	0 	11 	2 	0 	0 	0 	1.9521 		 	0.9091
260 	0 	0 	14 	2 	0 	1 	0 	0 	0 	0 	5 	22 	0 	0 	0 	0 	6 	0 	0 	0 	1.5864 		 	0.9091
261 	0 	0 	0 	0 	0 	0 	0 	24 	1 	6 	12 	0 	0 	1 	0 	0 	4 	5 	0 	2 	1.3852 		 	1.0000
262 	0 	0 	12 	2 	0 	0 	2 	0 	0 	0 	0 	14 	12 	0 	0 	0 	13 	0 	0 	0 	1.4012 		 	1.0000
263 	4 	0 	0 	8 	0 	2 	0 	3 	16 	1 	0 	0 	0 	0 	0 	0 	9 	0 	0 	12 	1.1851 		 	1.0000
264 	1 	0 	0 	0 	0 	0 	0 	15 	0 	14 	0 	0 	5 	0 	1 	0 	0 	19 	0 	0 	1.5622 		 	1.0000
265 	0 	0 	0 	0 	4 	0 	0 	3 	0 	33 	5 	0 	0 	0 	0 	0 	0 	10 	0 	0 	1.8120 		 	1.0000
266 	0 	0 	0 	21 	0 	2 	0 	0 	0 	0 	0 	1 	0 	4 	2 	6 	19 	0 	0 	0 	1.5147 		 	1.0000
267 	4 	0 	2 	0 	0 	0 	0 	0 	29 	0 	0 	0 	0 	0 	1 	4 	15 	0 	0 	0 	1.7293 		 	1.0000
268 	0 	0 	0 	0 	0 	0 	0 	8 	3 	30 	0 	0 	0 	0 	1 	4 	4 	0 	0 	5 	1.5539 		 	1.0000
269 	0 	0 	0 	0 	2 	30 	0 	0 	2 	7 	5 	0 	0 	2 	4 	0 	2 	0 	1 	0 	1.4392 		 	1.0000
270 	1 	0 	0 	0 	0 	0 	0 	1 	1 	6 	0 	6 	0 	0 	0 	5 	5 	12 	0 	18 	1.1601 		 	1.0000
271 	2 	0 	3 	0 	0 	17 	0 	0 	0 	0 	0 	0 	0 	0 	1 	16 	16 	0 	0 	0 	1.5624 		 	1.0000
272 	0 	0 	0 	0 	0 	16 	0 	0 	2 	0 	0 	21 	0 	8 	0 	5 	3 	0 	0 	0 	1.4913 		 	1.0000
273 	0 	0 	0 	2 	1 	10 	0 	6 	0 	4 	0 	13 	0 	0 	0 	16 	0 	1 	0 	2 	1.1666 		 	1.0000
274 	0 	0 	21 	6 	0 	0 	0 	0 	0 	0 	0 	9 	0 	12 	0 	6 	1 	0 	0 	0 	1.4435 		 	1.0000
275 	6 	0 	0 	0 	2 	0 	0 	8 	0 	31 	2 	0 	0 	0 	0 	2 	4 	0 	0 	0 	1.5983 		 	1.0000
276 	10 	0 	2 	0 	0 	0 	0 	1 	2 	19 	0 	0 	0 	0 	0 	12 	0 	1 	0 	8 	1.3193 		 	1.0000
277 	6 	0 	12 	10 	0 	10 	0 	0 	0 	0 	0 	0 	0 	0 	0 	17 	0 	0 	0 	0 	1.4390 		 	1.0000
278 	0 	0 	0 	0 	0 	0 	0 	21 	0 	29 	0 	0 	0 	0 	0 	0 	0 	5 	0 	0 	2.0726 		 	1.0000
279 	0 	0 	0 	0 	0 	0 	0 	23 	0 	30 	0 	0 	0 	0 	0 	0 	0 	0 	0 	0 	2.3113 		 	0.9636
280 	0 	0 	0 	18 	2 	11 	0 	0 	0 	0 	0 	5 	0 	0 	0 	11 	0 	0 	0 	6 	1.3833 		 	0.9636
281 	4 	0 	5 	0 	0 	0 	0 	0 	0 	0 	0 	0 	0 	0 	0 	35 	9 	0 	0 	0 	2.0029 		 	0.9636
282 	0 	0 	2 	8 	0 	22 	0 	0 	5 	0 	5 	0 	0 	0 	11 	0 	0 	0 	0 	0 	1.4499 		 	0.9636
283 	0 	0 	0 	0 	0 	16 	0 	0 	0 	22 	0 	0 	5 	6 	0 	4 	0 	0 	0 	0 	1.6048 		 	0.9636
284 	0 	0 	0 	0 	0 	0 	0 	43 	0 	6 	4 	0 	0 	0 	0 	0 	0 	1 	0 	1 	2.2253 		 	1.0000
285 	3 	0 	0 	4 	0 	0 	0 	0 	23 	0 	0 	0 	0 	0 	1 	0 	24 	0 	0 	0 	1.8471 		 	1.0000
286 	15 	0 	0 	0 	0 	30 	0 	0 	0 	0 	1 	6 	0 	0 	0 	1 	1 	1 	0 	0 	1.7776 		 	1.0000
287 	0 	0 	5 	0 	0 	0 	0 	0 	6 	0 	0 	12 	0 	12 	12 	0 	8 	0 	0 	0 	1.2591 		 	1.0000
288 	1 	0 	1 	0 	0 	0 	0 	28 	0 	0 	0 	0 	12 	5 	0 	0 	0 	8 	0 	0 	1.6757 		 	1.0000
289 	0 	0 	0 	0 	0 	0 	0 	0 	5 	0 	0 	0 	0 	0 	0 	0 	0 	0 	0 	0 	2.9957 		 	0.0909
290 	0 	0 	0 	0 	0 	0 	0 	0 	5 	0 	0 	0 	0 	0 	0 	0 	0 	0 	0 	0 	2.9957 		 	0.0909
291 	0 	0 	0 	0 	0 	0 	0 	0 	0 	5 	0 	0 	0 	0 	0 	0 	0 	0 	0 	0 	2.9957 		 	0.0909
292 	0 	0 	0 	0 	0 	0 	0 	0 	0 	0 	5 	0 	0 	0 	0 	0 	0 	0 	0 	0 	2.9957 		 	0.0909
293 	0 	0 	0 	0 	0 	0 	0 	0 	0 	0 	0 	0 	0 	0 	0 	5 	0 	0 	0 	0 	2.9957 		 	0.0909
294 	0 	0 	0 	0 	0 	0 	0 	0 	0 	0 	0 	3 	0 	0 	0 	2 	0 	0 	0 	0 	2.3227 		 	0.0909
295 	0 	0 	0 	0 	0 	0 	0 	0 	0 	0 	0 	5 	0 	0 	0 	0 	0 	0 	0 	0 	2.9957 		 	0.0909
296 	0 	0 	0 	0 	0 	0 	0 	0 	0 	0 	0 	0 	0 	0 	0 	0 	0 	5 	0 	0 	2.9957 		 	0.0909
297 	0 	0 	0 	0 	0 	0 	0 	25 	0 	0 	0 	0 	0 	5 	0 	0 	16 	7 	0 	0 	1.7896 		 	0.9636
298 	0 	0 	8 	0 	0 	2 	12 	5 	0 	12 	0 	0 	0 	0 	0 	8 	0 	0 	0 	6 	1.1593 		 	0.9636
299 	0 	0 	0 	0 	0 	0 	0 	4 	0 	2 	0 	0 	0 	0 	0 	0 	0 	35 	0 	12 	2.0667 		 	0.9636
300 	0 	0 	40 	0 	0 	0 	0 	0 	0 	4 	0 	0 	0 	0 	5 	4 	0 	0 	0 	0 	2.1706 		 	0.9636
301 	0 	0 	0 	0 	0 	0 	0 	4 	0 	18 	0 	0 	4 	5 	0 	12 	10 	0 	0 	0 	1.3652 		 	0.9636
302 	0 	0 	4 	20 	0 	0 	1 	0 	0 	0 	3 	1 	1 	16 	0 	5 	2 	0 	0 	0 	1.3377 		 	0.9636
303 	0 	0 	2 	4 	0 	2 	0 	0 	1 	0 	0 	0 	0 	0 	5 	21 	12 	0 	0 	6 	1.3060 		 	0.9636
304 	0 	0 	0 	0 	0 	0 	0 	0 	2 	0 	10 	0 	0 	12 	0 	0 	0 	0 	0 	29 	1.8911 		 	0.9636
305 	0 	0 	0 	0 	15 	0 	0 	3 	0 	10 	6 	0 	0 	10 	0 	7 	0 	0 	0 	2 	1.2090 		 	0.9636
306 	0 	0 	0 	0 	0 	0 	0 	25 	0 	12 	10 	0 	0 	0 	0 	0 	0 	6 	0 	0 	1.7437 		 	0.9636
307 	0 	0 	0 	0 	0 	12 	0 	7 	0 	3 	5 	0 	0 	0 	0 	0 	8 	18 	0 	0 	1.3546 		 	0.9636
308 	0 	0 	0 	0 	0 	0 	0 	0 	0 	0 	0 	0 	0 	0 	0 	5 	0 	0 	0 	0 	2.9957 		 	0.0909
309 	0 	0 	0 	0 	0 	0 	0 	5 	0 	0 	0 	0 	0 	0 	0 	0 	0 	0 	0 	0 	2.9957 		 	0.0909
310 	0 	0 	0 	0 	0 	0 	0 	5 	0 	0 	0 	0 	0 	0 	0 	0 	0 	0 	0 	0 	2.9957 		 	0.0909
311 	0 	0 	0 	0 	0 	0 	0 	0 	5 	0 	0 	0 	0 	0 	0 	0 	0 	0 	0 	0 	2.9957 		 	0.0909
312 	0 	0 	0 	5 	0 	0 	0 	0 	0 	0 	0 	0 	0 	0 	0 	0 	0 	0 	0 	0 	2.9957 		 	0.0909
313 	0 	0 	0 	5 	0 	0 	0 	0 	0 	0 	0 	0 	0 	0 	0 	0 	0 	0 	0 	0 	2.9957 		 	0.0909
314 	0 	0 	0 	0 	0 	0 	0 	0 	0 	0 	0 	0 	0 	0 	0 	0 	0 	5 	0 	0 	2.9957 		 	0.0909
315 	0 	0 	0 	0 	0 	0 	0 	0 	0 	5 	0 	0 	0 	0 	0 	0 	0 	0 	0 	0 	2.9957 		 	0.0909
316 	5 	0 	0 	0 	0 	0 	0 	0 	0 	0 	0 	0 	0 	0 	0 	0 	0 	0 	0 	0 	2.9957 		 	0.0909
317 	0 	0 	0 	0 	0 	0 	0 	19 	0 	25 	0 	0 	0 	0 	0 	0 	0 	6 	0 	5 	1.8105 		 	1.0000
318 	0 	0 	0 	0 	0 	0 	0 	0 	7 	1 	0 	0 	0 	18 	3 	21 	0 	5 	0 	0 	1.5507 		 	1.0000
319 	0 	0 	0 	0 	0 	0 	0 	27 	0 	2 	0 	0 	0 	0 	0 	0 	0 	26 	0 	0 	2.1718 		 	1.0000
320 	14 	0 	0 	2 	0 	0 	0 	0 	6 	1 	0 	7 	0 	5 	2 	3 	13 	0 	0 	2 	0.9914 		 	1.0000
321 	0 	0 	0 	0 	2 	0 	0 	8 	1 	20 	0 	0 	0 	0 	1 	1 	0 	6 	0 	16 	1.4075 		 	1.0000
322 	0 	0 	0 	0 	0 	0 	0 	0 	0 	0 	0 	0 	55 	0 	0 	0 	0 	0 	0 	0 	2.9957 		 	1.0000
323 	0 	0 	0 	0 	0 	0 	0 	10 	0 	5 	0 	0 	0 	0 	0 	18 	22 	0 	0 	0 	1.7357 		 	1.0000
324 	1 	0 	0 	0 	4 	0 	0 	4 	0 	28 	0 	0 	1 	0 	0 	0 	0 	12 	0 	5 	1.5749 		 	1.0000
325 	0 	0 	0 	0 	0 	18 	0 	3 	1 	0 	0 	0 	0 	0 	0 	22 	6 	5 	0 	0 	1.5725 		 	1.0000
326 	0 	0 	0 	24 	0 	0 	0 	0 	1 	0 	4 	13 	0 	0 	1 	0 	4 	8 	0 	0 	1.4856 		 	1.0000
327 	0 	0 	0 	0 	0 	0 	0 	23 	0 	13 	0 	0 	0 	10 	0 	0 	0 	9 	0 	0 	1.6841 		 	1.0000
328 	0 	0 	5 	0 	0 	0 	2 	0 	16 	1 	0 	12 	12 	2 	0 	5 	0 	0 	0 	0 	1.2223 		 	1.0000
329 	0 	0 	0 	0 	0 	0 	0 	0 	0 	0 	0 	0 	0 	0 	0 	0 	5 	2 	0 	0 	2.3975 		 	0.1273
330 	0 	0 	0 	0 	0 	0 	0 	0 	0 	0 	0 	0 	7 	0 	0 	0 	0 	0 	0 	0 	2.9957 		 	0.1273
331 	0 	5 	0 	0 	0 	0 	0 	0 	0 	0 	0 	0 	0 	0 	0 	0 	0 	0 	0 	2 	2.3975 		 	0.1273
332 	0 	0 	0 	0 	0 	0 	0 	0 	0 	0 	0 	0 	0 	0 	0 	0 	0 	0 	5 	0 	2.9957 		 	0.0909
333 	0 	0 	0 	0 	0 	0 	0 	0 	5 	0 	0 	0 	0 	0 	0 	0 	0 	0 	0 	0 	2.9957 		 	0.0909
334 	0 	0 	0 	0 	0 	0 	0 	0 	0 	5 	0 	0 	0 	0 	0 	0 	0 	0 	0 	0 	2.9957 		 	0.0909
335 	0 	0 	0 	0 	0 	0 	5 	0 	0 	0 	0 	0 	0 	0 	0 	0 	0 	0 	0 	0 	2.9957 		 	0.0909
336 	0 	0 	0 	0 	0 	0 	0 	0 	0 	0 	0 	0 	0 	0 	0 	0 	5 	0 	0 	0 	2.9957 		 	0.0909
337 	0 	0 	0 	0 	0 	0 	0 	0 	0 	0 	0 	0 	0 	0 	0 	5 	0 	0 	0 	0 	2.9957 		 	0.0909
338 	0 	0 	0 	0 	0 	0 	0 	0 	0 	0 	0 	0 	5 	0 	0 	0 	0 	0 	0 	0 	2.9957 		 	0.0909
339 	0 	0 	0 	0 	0 	0 	0 	0 	0 	5 	0 	0 	0 	0 	0 	0 	0 	0 	0 	0 	2.9957 		 	0.0909
340 	0 	5 	0 	0 	0 	0 	0 	0 	0 	0 	0 	0 	0 	0 	0 	0 	0 	0 	0 	0 	2.9957 		 	0.0909
341 	2 	0 	0 	1 	0 	25 	0 	0 	0 	0 	0 	18 	0 	2 	0 	0 	5 	0 	0 	0 	1.7296 		 	0.9636
342 	10 	0 	0 	0 	0 	0 	0 	0 	0 	0 	12 	0 	0 	0 	0 	0 	11 	22 	0 	0 	1.6652 		 	1.0000
343 	0 	0 	0 	0 	0 	0 	0 	15 	4 	10 	0 	5 	0 	6 	12 	0 	0 	1 	0 	2 	1.1556 		 	1.0000
344 	12 	0 	0 	0 	0 	0 	0 	16 	0 	0 	0 	0 	0 	0 	0 	0 	3 	22 	0 	0 	1.7703 		 	0.9636
345 	0 	0 	0 	0 	0 	0 	21 	10 	5 	0 	0 	0 	0 	2 	0 	1 	11 	0 	0 	3 	1.4041 		 	0.9636
346 	1 	0 	10 	7 	0 	0 	0 	0 	6 	0 	0 	0 	0 	0 	17 	0 	0 	0 	0 	12 	1.3911 		 	0.9636
347 	6 	0 	0 	0 	4 	5 	0 	0 	0 	36 	0 	0 	0 	0 	0 	0 	0 	2 	0 	0 	1.9450 		 	0.9636
348 	2 	0 	2 	28 	0 	0 	0 	3 	0 	2 	0 	0 	0 	0 	0 	11 	0 	1 	0 	4 	1.5288 		 	0.9636
349 	5 	0 	0 	0 	0 	13 	0 	0 	0 	0 	0 	5 	2 	0 	0 	13 	15 	0 	0 	0 	1.3800 		 	0.9636
350 	0 	0 	0 	0 	0 	0 	0 	23 	0 	11 	0 	0 	0 	0 	0 	1 	0 	18 	0 	0 	1.8654 		 	0.9636
351 	0 	5 	0 	0 	0 	0 	0 	0 	0 	0 	0 	0 	0 	0 	0 	47 	1 	0 	0 	0 	2.5916 		 	0.9636
352 	7 	0 	0 	0 	2 	0 	0 	0 	0 	5 	0 	0 	0 	0 	0 	4 	1 	12 	0 	24 	1.4373 		 	1.0000
353 	0 	0 	0 	0 	6 	0 	0 	0 	0 	0 	0 	30 	1 	0 	0 	13 	5 	0 	0 	0 	1.7916 		 	1.0000
354 	0 	0 	0 	0 	0 	0 	3 	30 	0 	0 	0 	2 	0 	0 	6 	2 	12 	0 	0 	0 	1.6916 		 	1.0000
355 	0 	0 	7 	1 	0 	18 	0 	0 	3 	0 	1 	6 	0 	2 	0 	0 	17 	0 	0 	0 	1.3383 		 	1.0000
356 	0 	0 	5 	1 	2 	7 	0 	0 	8 	3 	0 	9 	0 	0 	4 	16 	0 	0 	0 	0 	1.0369 		 	1.0000
357 	0 	0 	0 	8 	0 	12 	0 	0 	2 	0 	0 	0 	0 	25 	6 	2 	0 	0 	0 	0 	1.5420 		 	1.0000
358 	0 	0 	0 	36 	12 	5 	0 	0 	0 	0 	1 	0 	0 	0 	0 	0 	0 	0 	0 	1 	2.0224 		 	1.0000
359 	12 	0 	0 	0 	0 	0 	0 	0 	0 	0 	0 	0 	0 	0 	0 	4 	0 	6 	33 	0 	1.9248 		 	1.0000
360 	0 	0 	0 	0 	0 	0 	1 	6 	1 	2 	2 	0 	0 	0 	0 	12 	0 	3 	0 	28 	1.5328 		 	1.0000
361 	14 	5 	0 	0 	0 	0 	0 	7 	0 	0 	0 	0 	0 	0 	0 	2 	16 	9 	0 	0 	1.3677 		 	0.9636
362 	1 	0 	5 	0 	0 	0 	0 	2 	0 	12 	0 	0 	2 	10 	0 	0 	21 	0 	0 	0 	1.4330 		 	0.9636
363 	0 	0 	0 	0 	0 	0 	0 	1 	0 	8 	0 	5 	0 	0 	0 	0 	0 	39 	0 	0 	2.1870 		 	0.9636
364 	5 	0 	0 	0 	0 	0 	0 	0 	0 	0 	0 	0 	48 	0 	0 	0 	0 	0 	0 	0 	2.6833 		 	0.9636
365 	0 	0 	4 	0 	0 	0 	0 	0 	22 	0 	0 	7 	1 	0 	6 	6 	2 	0 	0 	0 	1.4174 		 	0.8727
366 	0 	0 	0 	0 	2 	0 	7 	0 	0 	0 	0 	0 	0 	0 	10 	0 	0 	12 	0 	17 	1.5416 		 	0.8727
367 	0 	0 	0 	0 	0 	0 	0 	18 	0 	0 	0 	0 	0 	0 	0 	0 	0 	30 	0 	0 	2.3342 		 	0.8727
368 	16 	0 	0 	0 	0 	0 	0 	1 	1 	15 	4 	1 	0 	0 	0 	0 	12 	0 	0 	0 	1.4906 		 	0.9091
369 	0 	0 	0 	9 	0 	0 	0 	1 	0 	0 	0 	2 	0 	12 	0 	5 	18 	3 	0 	0 	1.3707 		 	0.9091
370 	0 	0 	0 	0 	0 	0 	0 	4 	4 	0 	0 	2 	0 	14 	7 	1 	2 	12 	0 	4 	1.0796 		 	0.9091
371 	10 	0 	0 	0 	0 	43 	0 	0 	0 	0 	0 	2 	0 	0 	0 	0 	0 	0 	0 	0 	2.3728 		 	1.0000
372 	2 	0 	0 	0 	0 	0 	0 	0 	0 	0 	0 	8 	0 	0 	1 	26 	2 	0 	0 	16 	1.6880 		 	1.0000
373 	0 	0 	0 	8 	7 	0 	0 	0 	0 	20 	0 	0 	1 	0 	0 	2 	0 	17 	0 	0 	1.5288 		 	1.0000
374 	0 	0 	0 	0 	0 	0 	0 	33 	0 	13 	0 	0 	0 	4 	0 	5 	0 	0 	0 	0 	1.9397 		 	1.0000
375 	0 	0 	0 	12 	5 	8 	0 	0 	0 	0 	0 	1 	0 	7 	0 	18 	0 	0 	4 	0 	1.2738 		 	1.0000
376 	3 	0 	0 	13 	5 	8 	0 	0 	0 	0 	0 	21 	0 	0 	2 	2 	1 	0 	0 	0 	1.3162 		 	1.0000
377 	8 	0 	0 	0 	16 	0 	0 	2 	1 	12 	0 	0 	5 	0 	0 	0 	1 	0 	0 	10 	1.2298 		 	1.0000
378 	2 	0 	34 	2 	0 	0 	0 	0 	0 	1 	0 	2 	9 	4 	0 	0 	1 	0 	0 	0 	1.7043 		 	1.0000
379 	15 	0 	4 	12 	0 	0 	0 	7 	0 	0 	0 	0 	2 	0 	0 	0 	12 	3 	0 	0 	1.2449 		 	1.0000
380 	2 	0 	3 	3 	2 	1 	0 	0 	7 	0 	0 	3 	0 	0 	0 	26 	8 	0 	0 	0 	1.3089 		 	1.0000
381 	0 	0 	9 	2 	1 	2 	0 	0 	0 	0 	0 	5 	4 	2 	0 	12 	5 	0 	0 	13 	0.9654 		 	1.0000
382 	0 	55 	0 	0 	0 	0 	0 	0 	0 	0 	0 	0 	0 	0 	0 	0 	0 	0 	0 	0 	2.9957 		 	1.0000
383 	4 	0 	0 	0 	0 	0 	0 	14 	11 	2 	1 	0 	0 	0 	0 	0 	12 	11 	0 	0 	1.2875 		 	1.0000
384 	0 	0 	0 	18 	16 	2 	0 	6 	0 	4 	0 	0 	0 	0 	0 	0 	0 	9 	0 	0 	1.4219 		 	1.0000
385 	3 	0 	0 	0 	0 	0 	0 	0 	1 	0 	10 	0 	0 	5 	0 	7 	27 	2 	0 	0 	1.5041 		 	1.0000
386 	0 	0 	12 	0 	2 	0 	0 	0 	2 	0 	0 	0 	20 	0 	10 	7 	1 	1 	0 	0 	1.3366 		 	1.0000
387 	0 	0 	0 	16 	0 	0 	5 	0 	1 	18 	0 	12 	0 	0 	1 	2 	0 	0 	0 	0 	1.4546 		 	1.0000
388 	2 	0 	12 	0 	0 	14 	4 	0 	0 	0 	0 	0 	2 	0 	5 	9 	7 	0 	0 	0 	1.1071 		 	1.0000
389 	2 	0 	0 	0 	0 	0 	0 	4 	0 	12 	0 	0 	0 	0 	0 	0 	14 	13 	0 	8 	1.3590 		 	0.9636
390 	0 	1 	0 	0 	13 	0 	0 	16 	0 	0 	0 	0 	0 	0 	0 	0 	0 	10 	0 	13 	1.5552 		 	0.9636
391 	0 	51 	0 	0 	1 	0 	0 	0 	0 	0 	0 	0 	0 	0 	0 	1 	0 	0 	0 	0 	2.8089 		 	0.9636
392 	0 	0 	5 	0 	0 	0 	0 	0 	1 	0 	0 	2 	8 	4 	5 	17 	11 	0 	0 	0 	1.1802 		 	0.9636
393 	0 	0 	0 	0 	0 	0 	0 	0 	0 	0 	0 	0 	0 	18 	18 	2 	5 	0 	0 	10 	1.6012 		 	0.9636
394 	0 	0 	10 	0 	0 	0 	0 	12 	0 	0 	5 	26 	0 	0 	0 	0 	0 	0 	0 	0 	1.7727 		 	0.9636
395 	14 	0 	3 	7 	0 	0 	0 	0 	0 	0 	0 	5 	8 	0 	0 	2 	0 	12 	0 	2 	1.1224 		 	0.9636
396 	13 	0 	0 	0 	0 	6 	0 	1 	0 	15 	0 	0 	0 	0 	0 	5 	13 	0 	0 	0 	1.4048 		 	0.9636
397 	0 	0 	0 	4 	14 	0 	0 	0 	0 	5 	0 	0 	0 	8 	0 	4 	2 	0 	0 	16 	1.2607 		 	0.9636
398 	0 	0 	0 	0 	0 	0 	0 	0 	0 	6 	0 	0 	34 	0 	4 	0 	6 	3 	0 	0 	1.8601 		 	0.9636
399 	0 	0 	0 	0 	0 	0 	0 	10 	0 	13 	30 	0 	0 	0 	0 	0 	0 	0 	0 	0 	2.0142 		 	0.9636
400 	0 	0 	0 	0 	0 	0 	0 	0 	0 	0 	0 	2 	14 	0 	0 	35 	2 	0 	0 	0 	2.1227 		 	0.9636
401 	1 	0 	9 	3 	0 	0 	2 	0 	0 	5 	0 	1 	28 	0 	0 	5 	0 	1 	0 	0 	1.4221 		 	1.0000
402 	0 	0 	2 	11 	0 	12 	0 	1 	0 	15 	0 	2 	0 	0 	2 	10 	0 	0 	0 	0 	1.2430 		 	1.0000
403 	2 	0 	0 	0 	0 	0 	0 	14 	0 	17 	2 	0 	0 	9 	0 	2 	4 	5 	0 	0 	1.2182 		 	1.0000
404 	0 	0 	0 	2 	0 	0 	0 	0 	4 	0 	3 	3 	0 	22 	2 	2 	0 	1 	0 	16 	1.3277 		 	1.0000
405 	2 	0 	2 	16 	0 	0 	0 	0 	6 	9 	0 	1 	0 	6 	0 	13 	0 	0 	0 	0 	1.2021 		 	1.0000
406 	0 	54 	0 	0 	0 	0 	0 	0 	0 	0 	0 	0 	0 	0 	0 	1 	0 	0 	0 	0 	2.9049 		 	1.0000
407 	1 	0 	0 	0 	4 	0 	0 	7 	0 	36 	0 	5 	0 	0 	0 	1 	0 	1 	0 	0 	1.8288 		 	1.0000
408 	4 	0 	0 	0 	0 	0 	0 	1 	1 	6 	0 	1 	0 	2 	19 	12 	5 	3 	0 	1 	1.0755 		 	1.0000
409 	0 	0 	5 	0 	0 	50 	0 	0 	0 	0 	0 	0 	0 	0 	0 	0 	0 	0 	0 	0 	2.6911 		 	1.0000
410 	0 	0 	7 	1 	0 	0 	0 	5 	0 	0 	0 	25 	0 	0 	0 	17 	0 	0 	0 	0 	1.7212 		 	1.0000
411 	0 	0 	0 	0 	5 	0 	0 	8 	0 	6 	0 	0 	0 	0 	0 	0 	35 	1 	0 	0 	1.8951 		 	1.0000
412 	0 	0 	0 	0 	0 	0 	0 	0 	0 	0 	0 	5 	2 	0 	0 	0 	0 	0 	0 	0 	2.3975 		 	0.1273
413 	0 	0 	0 	0 	0 	0 	0 	1 	0 	0 	0 	0 	3 	0 	0 	2 	0 	1 	0 	0 	1.7187 		 	0.1273
414 	0 	0 	0 	0 	0 	0 	0 	0 	5 	0 	0 	0 	0 	0 	0 	2 	0 	0 	0 	0 	2.3975 		 	0.1273
415 	1 	0 	1 	1 	0 	0 	0 	1 	10 	0 	1 	3 	0 	0 	4 	19 	9 	0 	0 	5 	1.0908 		 	1.0000
416 	16 	0 	7 	0 	0 	0 	0 	0 	3 	0 	0 	0 	0 	2 	7 	20 	0 	0 	0 	0 	1.4648 		 	1.0000
417 	0 	53 	0 	0 	0 	0 	0 	2 	0 	0 	0 	0 	0 	0 	0 	0 	0 	0 	0 	0 	2.8395 		 	1.0000
418 	16 	0 	0 	0 	0 	0 	0 	0 	5 	0 	12 	0 	12 	0 	0 	0 	5 	5 	0 	0 	1.3182 		 	1.0000
419 	0 	0 	1 	0 	10 	0 	0 	5 	1 	0 	0 	1 	0 	0 	19 	0 	0 	6 	0 	12 	1.3082 		 	1.0000
420 	0 	0 	0 	2 	0 	0 	0 	0 	0 	0 	5 	0 	0 	0 	0 	18 	28 	0 	0 	0 	1.9455 		 	0.9636
421 	0 	0 	0 	0 	0 	0 	0 	1 	18 	18 	0 	0 	8 	0 	0 	2 	5 	1 	0 	0 	1.4806 		 	0.9636
422 	0 	0 	0 	0 	0 	0 	0 	7 	0 	0 	0 	0 	0 	0 	0 	5 	12 	29 	0 	0 	1.8394 		 	0.9636
423 	4 	0 	0 	12 	0 	0 	0 	4 	6 	1 	0 	0 	0 	0 	0 	15 	1 	10 	0 	0 	1.2010 		 	0.9636
424 	1 	0 	5 	0 	0 	37 	0 	0 	0 	0 	0 	1 	0 	0 	0 	4 	5 	0 	0 	0 	1.9546 		 	0.9636
425 	13 	0 	7 	0 	0 	0 	0 	0 	0 	0 	0 	7 	0 	0 	0 	26 	2 	0 	0 	0 	1.6554 		 	1.0000
426 	2 	0 	0 	0 	15 	0 	2 	8 	0 	18 	1 	0 	0 	0 	0 	0 	0 	4 	0 	5 	1.2729 		 	1.0000
427 	0 	0 	0 	0 	2 	16 	0 	5 	0 	6 	4 	0 	0 	0 	0 	5 	12 	5 	0 	0 	1.0976 		 	1.0000
428 	0 	0 	0 	0 	0 	0 	0 	1 	4 	0 	0 	16 	10 	0 	4 	5 	15 	0 	0 	0 	1.3001 		 	1.0000
429 	0 	0 	0 	0 	0 	0 	0 	0 	8 	0 	0 	0 	12 	0 	30 	5 	0 	0 	0 	0 	1.8345 		 	1.0000
430 	0 	0 	0 	0 	34 	0 	0 	0 	0 	0 	0 	0 	0 	0 	0 	0 	1 	6 	0 	14 	2.0356 		 	1.0000
431 	14 	0 	0 	0 	0 	0 	0 	21 	0 	0 	12 	0 	0 	0 	0 	1 	0 	7 	0 	0 	1.6124 		 	1.0000
432 	7 	0 	2 	0 	12 	0 	0 	0 	0 	20 	0 	0 	0 	0 	0 	0 	14 	0 	0 	0 	1.5645 		 	1.0000
433 	6 	0 	0 	0 	2 	0 	0 	5 	0 	12 	0 	0 	0 	0 	0 	23 	0 	7 	0 	0 	1.4564 		 	1.0000
434 	0 	0 	6 	0 	0 	1 	0 	0 	18 	5 	0 	13 	2 	10 	0 	0 	0 	0 	0 	0 	1.3262 		 	1.0000
435 	1 	0 	0 	0 	0 	53 	0 	0 	0 	1 	0 	0 	0 	0 	0 	0 	0 	0 	0 	0 	2.8143 		 	1.0000
436 	5 	0 	0 	0 	0 	8 	0 	2 	0 	0 	0 	16 	0 	0 	0 	12 	4 	8 	0 	0 	1.2144 		 	1.0000
437 	0 	0 	0 	0 	0 	0 	0 	11 	0 	20 	1 	0 	0 	0 	0 	1 	1 	21 	0 	0 	1.7198 		 	1.0000
438 	0 	0 	1 	0 	2 	0 	0 	28 	0 	0 	0 	0 	0 	0 	0 	0 	1 	17 	0 	6 	1.7812 		 	1.0000
439 	46 	0 	0 	0 	0 	1 	0 	0 	0 	1 	0 	0 	0 	0 	0 	5 	0 	2 	0 	0 	2.3621 		 	1.0000
440 	0 	5 	0 	0 	0 	0 	0 	0 	1 	0 	0 	48 	0 	0 	0 	1 	0 	0 	0 	0 	2.5132 		 	1.0000
441 	0 	49 	0 	0 	0 	0 	0 	0 	0 	0 	0 	0 	0 	0 	1 	0 	0 	0 	0 	5 	2.6020 		 	1.0000
442 	16 	0 	0 	1 	0 	5 	0 	10 	16 	0 	0 	0 	0 	1 	6 	0 	0 	0 	0 	0 	1.3620 		 	1.0000
443 	7 	0 	0 	0 	0 	0 	0 	0 	5 	1 	11 	0 	0 	0 	0 	27 	2 	2 	0 	0 	1.5303 		 	1.0000
444 	1 	0 	0 	0 	0 	0 	0 	16 	0 	8 	2 	0 	0 	0 	0 	7 	19 	2 	0 	0 	1.4127 		 	1.0000
445 	0 	0 	0 	1 	0 	0 	0 	0 	5 	22 	0 	0 	0 	0 	0 	0 	26 	1 	0 	0 	1.9113 		 	1.0000
446 	0 	55 	0 	0 	0 	0 	0 	0 	0 	0 	0 	0 	0 	0 	0 	0 	0 	0 	0 	0 	2.9957 		 	1.0000
447 	0 	0 	0 	0 	0 	0 	0 	0 	18 	4 	0 	0 	0 	2 	16 	0 	15 	0 	0 	0 	1.6055 		 	1.0000
448 	5 	47 	0 	0 	0 	0 	1 	0 	0 	0 	0 	0 	0 	0 	0 	1 	0 	0 	0 	1 	2.4248 		 	1.0000
449 	12 	0 	0 	0 	0 	6 	1 	0 	4 	0 	2 	2 	0 	2 	0 	7 	0 	4 	0 	15 	0.9895 		 	1.0000
450 	1 	0 	12 	0 	0 	2 	0 	0 	0 	0 	0 	9 	0 	2 	0 	7 	22 	0 	0 	0 	1.4246 		 	1.0000
451 	0 	0 	2 	0 	0 	5 	0 	1 	5 	0 	0 	1 	22 	0 	0 	0 	18 	1 	0 	0 	1.4886 		 	1.0000
452 	2 	0 	2 	0 	2 	17 	0 	0 	0 	0 	0 	4 	16 	0 	6 	6 	0 	0 	0 	0 	1.2381 		 	1.0000
453 	2 	0 	0 	0 	0 	14 	3 	1 	1 	0 	1 	2 	0 	0 	12 	4 	11 	0 	0 	4 	0.9939 		 	1.0000
454 	2 	0 	0 	0 	0 	6 	0 	28 	0 	0 	0 	0 	10 	0 	2 	0 	0 	6 	0 	0 	1.6105 		 	0.9818
455 	0 	0 	0 	0 	0 	0 	0 	49 	0 	0 	1 	0 	0 	0 	0 	0 	0 	5 	0 	0 	2.6020 		 	1.0000
456 	2 	0 	0 	0 	0 	0 	0 	5 	0 	2 	0 	14 	0 	0 	1 	26 	1 	0 	0 	4 	1.4979 		 	1.0000
457 	0 	0 	0 	0 	0 	0 	0 	0 	0 	0 	0 	0 	0 	0 	0 	0 	2 	0 	0 	0 	2.9957 		 	0.0364
458 	0 	0 	0 	0 	0 	0 	0 	0 	0 	2 	0 	0 	0 	0 	0 	0 	0 	0 	0 	0 	2.9957 		 	0.0364
459 	0 	0 	0 	0 	0 	0 	0 	0 	0 	0 	0 	0 	0 	1 	0 	1 	0 	0 	0 	0 	2.3026 		 	0.0364
460 	0 	0 	0 	0 	0 	0 	0 	0 	0 	0 	0 	0 	0 	0 	0 	0 	0 	0 	0 	2 	2.9957 		 	0.0364
461 	0 	0 	0 	0 	0 	0 	0 	0 	1 	0 	0 	0 	0 	0 	0 	0 	0 	1 	0 	0 	2.3026 		 	0.0364
462 	0 	0 	0 	0 	0 	0 	0 	0 	5 	0 	0 	0 	0 	48 	0 	1 	1 	0 	0 	0 	2.5132 		 	1.0000
463 	0 	0 	26 	0 	0 	0 	0 	0 	0 	0 	0 	12 	7 	0 	0 	5 	5 	0 	0 	0 	1.6110 		 	1.0000
464 	0 	0 	8 	0 	5 	2 	0 	0 	1 	0 	0 	0 	18 	0 	7 	2 	0 	0 	0 	12 	1.2233 		 	1.0000
465 	0 	0 	18 	3 	0 	12 	4 	0 	0 	1 	0 	0 	1 	0 	0 	13 	3 	0 	0 	0 	1.3034 		 	1.0000
466 	1 	0 	0 	12 	0 	2 	4 	0 	21 	0 	0 	5 	0 	7 	1 	2 	0 	0 	0 	0 	1.2382 		 	1.0000
467 	16 	0 	0 	0 	0 	17 	0 	14 	1 	2 	0 	0 	2 	1 	0 	0 	2 	0 	0 	0 	1.4181 		 	1.0000
468 	0 	7 	0 	0 	0 	0 	0 	5 	0 	18 	0 	0 	0 	0 	0 	0 	0 	25 	0 	0 	1.7914 		 	1.0000
469 	2 	0 	5 	0 	0 	0 	0 	0 	2 	2 	0 	0 	1 	0 	0 	15 	24 	4 	0 	0 	1.4365 		 	1.0000
470 	0 	0 	0 	0 	8 	0 	1 	5 	0 	12 	2 	0 	0 	0 	0 	0 	4 	5 	0 	18 	1.1976 		 	1.0000
471 	1 	0 	0 	0 	0 	0 	2 	42 	0 	6 	0 	0 	0 	0 	0 	0 	0 	4 	0 	0 	2.1641 		 	1.0000
472 	16 	0 	24 	0 	0 	0 	0 	0 	0 	0 	0 	0 	0 	0 	0 	7 	8 	0 	0 	0 	1.7319 		 	1.0000
473 	14 	0 	0 	0 	0 	0 	9 	4 	4 	4 	2 	7 	0 	0 	8 	2 	0 	0 	0 	1 	0.9227 		 	1.0000
474 	0 	0 	21 	0 	0 	0 	5 	0 	10 	0 	0 	0 	0 	7 	0 	2 	8 	0 	0 	2 	1.3164 		 	1.0000
475 	1 	0 	0 	2 	0 	5 	10 	0 	2 	0 	0 	7 	0 	4 	3 	15 	5 	1 	0 	0 	0.8971 		 	1.0000
476 	0 	48 	0 	0 	0 	0 	0 	0 	0 	0 	1 	0 	0 	0 	0 	0 	1 	5 	0 	0 	2.5132 		 	1.0000
477 	2 	0 	5 	0 	0 	6 	0 	0 	0 	0 	0 	13 	16 	5 	1 	4 	1 	2 	0 	0 	1.0406 		 	1.0000
478 	0 	0 	0 	4 	0 	0 	0 	3 	0 	8 	1 	0 	0 	0 	0 	2 	14 	23 	0 	0 	1.4598 		 	1.0000
479 	1 	0 	0 	0 	1 	0 	0 	8 	0 	19 	3 	0 	0 	0 	0 	0 	0 	23 	0 	0 	1.6792 		 	1.0000
480 	0 	0 	0 	16 	0 	8 	0 	0 	0 	0 	4 	0 	0 	4 	0 	21 	0 	2 	0 	0 	1.4867 		 	1.0000
481 	0 	0 	0 	2 	0 	0 	0 	5 	0 	24 	0 	0 	0 	0 	0 	0 	0 	24 	0 	0 	1.9335 		 	1.0000
482 	1 	0 	24 	0 	0 	10 	0 	0 	0 	0 	0 	19 	0 	0 	0 	1 	0 	0 	0 	0 	1.8110 		 	1.0000
483 	0 	0 	0 	0 	0 	40 	0 	0 	0 	0 	0 	9 	0 	0 	0 	0 	4 	0 	0 	0 	2.2872 		 	0.9636
484 	1 	0 	0 	0 	3 	0 	0 	16 	0 	7 	2 	0 	0 	0 	0 	0 	5 	19 	0 	0 	1.4152 		 	0.9636
485 	1 	0 	4 	6 	0 	0 	0 	2 	0 	7 	0 	0 	0 	0 	2 	3 	30 	0 	0 	0 	1.4979 		 	1.0000
486 	0 	0 	0 	0 	12 	0 	0 	18 	0 	18 	0 	0 	0 	0 	0 	0 	0 	2 	0 	5 	1.5940 		 	1.0000
487 	0 	0 	1 	0 	0 	0 	1 	0 	1 	0 	0 	1 	0 	16 	15 	7 	2 	0 	0 	11 	1.2860 		 	1.0000
488 	6 	0 	0 	0 	0 	0 	0 	10 	0 	14 	0 	0 	0 	0 	0 	0 	2 	23 	0 	0 	1.6107 		 	1.0000
489 	0 	0 	0 	0 	0 	18 	0 	0 	1 	1 	0 	13 	0 	0 	0 	12 	6 	4 	0 	0 	1.3790 		 	1.0000
490 	0 	0 	0 	2 	0 	13 	0 	0 	9 	0 	0 	0 	0 	2 	6 	23 	0 	0 	0 	0 	1.5113 		 	1.0000
491 	0 	0 	1 	14 	0 	0 	0 	0 	3 	9 	0 	0 	0 	3 	20 	0 	3 	0 	0 	2 	1.3140 		 	1.0000
492 	2 	0 	0 	9 	15 	10 	0 	0 	0 	2 	0 	1 	0 	2 	10 	4 	0 	0 	0 	0 	1.1002 		 	1.0000
493 	1 	0 	12 	0 	0 	7 	5 	0 	1 	0 	0 	10 	0 	0 	1 	0 	2 	0 	0 	16 	1.1750 		 	1.0000
494 	13 	0 	6 	0 	0 	0 	0 	4 	5 	2 	0 	0 	15 	0 	0 	3 	0 	7 	0 	0 	1.1086 		 	1.0000
495 	8 	0 	16 	0 	0 	0 	0 	1 	0 	0 	0 	2 	0 	0 	0 	3 	24 	1 	0 	0 	1.5694 		 	1.0000
496 	14 	0 	0 	0 	1 	0 	0 	0 	0 	5 	1 	2 	0 	0 	0 	0 	7 	3 	0 	22 	1.3757 		 	1.0000
497 	4 	0 	0 	0 	0 	1 	2 	0 	0 	0 	0 	2 	0 	12 	0 	0 	0 	19 	6 	9 	1.2540 		 	1.0000
498 	1 	0 	1 	4 	2 	6 	0 	0 	12 	0 	0 	2 	0 	0 	0 	2 	5 	5 	0 	15 	0.9336 		 	1.0000
499 	1 	0 	3 	1 	1 	0 	0 	0 	5 	14 	0 	18 	1 	0 	0 	4 	2 	5 	0 	0 	1.0847 		 	1.0000
500 	0 	0 	1 	2 	4 	6 	14 	13 	0 	4 	0 	1 	0 	6 	0 	1 	0 	1 	0 	0 	0.9928 		 	0.9636
501 	0 	0 	2 	6 	0 	1 	0 	1 	6 	0 	0 	6 	0 	0 	10 	17 	5 	0 	0 	0 	1.0970 		 	0.9818
502 	0 	0 	0 	0 	0 	0 	0 	0 	0 	0 	0 	0 	5 	0 	0 	0 	0 	0 	0 	0 	2.9957 		 	0.0909
503 	0 	0 	0 	0 	0 	0 	0 	5 	0 	0 	0 	0 	0 	0 	0 	0 	0 	0 	0 	0 	2.9957 		 	0.0909
504 	1 	0 	0 	0 	0 	0 	0 	40 	0 	7 	4 	0 	0 	0 	0 	0 	0 	2 	0 	0 	2.1199 		 	0.9818
505 	3 	0 	14 	2 	0 	0 	0 	5 	1 	6 	0 	5 	0 	7 	0 	6 	6 	0 	0 	0 	0.8720 		 	1.0000
506 	2 	0 	11 	0 	3 	0 	0 	1 	0 	22 	0 	4 	1 	0 	0 	2 	0 	7 	0 	2 	1.1884 		 	1.0000
507 	4 	0 	0 	0 	0 	24 	0 	0 	0 	0 	0 	2 	0 	1 	0 	19 	0 	0 	0 	5 	1.6647 		 	1.0000
508 	2 	0 	5 	0 	0 	0 	0 	0 	0 	0 	0 	5 	25 	18 	0 	0 	0 	0 	0 	0 	1.7153 		 	1.0000
509 	9 	0 	0 	0 	0 	0 	0 	6 	0 	0 	0 	1 	21 	0 	0 	2 	4 	12 	0 	0 	1.3741 		 	1.0000
510 	0 	0 	0 	0 	2 	0 	0 	37 	1 	7 	0 	0 	0 	0 	0 	0 	0 	8 	0 	0 	1.9929 		 	1.0000
511 	7 	0 	1 	0 	1 	0 	3 	5 	1 	1 	0 	4 	0 	0 	0 	18 	0 	13 	0 	1 	1.0953 		 	1.0000
512 	0 	0 	0 	0 	5 	0 	0 	8 	0 	22 	0 	0 	0 	0 	0 	0 	18 	2 	0 	0 	1.6447 		 	1.0000
513 	0 	0 	6 	15 	0 	12 	0 	0 	0 	0 	0 	1 	5 	4 	6 	6 	0 	0 	0 	0 	1.1026 		 	1.0000
514 	0 	0 	0 	0 	0 	0 	0 	0 	6 	1 	0 	12 	18 	0 	12 	5 	0 	1 	0 	0 	1.3604 		 	1.0000
515 	0 	2 	5 	0 	0 	0 	0 	8 	0 	34 	0 	0 	0 	0 	0 	0 	0 	6 	0 	0 	1.8378 		 	1.0000
516 	0 	0 	49 	5 	0 	1 	0 	0 	0 	0 	0 	0 	0 	0 	0 	0 	0 	0 	0 	0 	2.6020 		 	1.0000
517 	1 	0 	0 	0 	5 	0 	0 	28 	1 	4 	0 	0 	0 	0 	0 	0 	0 	16 	0 	0 	1.7385 		 	1.0000
518 	0 	0 	5 	0 	0 	16 	0 	0 	0 	0 	0 	0 	0 	0 	0 	32 	0 	0 	0 	0 	2.1068 		 	0.9636
519 	6 	0 	0 	0 	0 	0 	0 	1 	0 	6 	1 	3 	0 	2 	0 	2 	32 	0 	0 	0 	1.6381 		 	0.9636
520 	0 	0 	1 	18 	0 	0 	0 	0 	0 	0 	0 	22 	0 	6 	0 	6 	0 	0 	0 	0 	1.6958 		 	0.9636
521 	0 	0 	0 	0 	0 	0 	0 	10 	2 	43 	0 	0 	0 	0 	0 	0 	0 	0 	0 	0 	2.3728 		 	1.0000
522 	9 	0 	0 	0 	0 	27 	0 	0 	0 	0 	0 	5 	0 	0 	0 	11 	2 	0 	1 	0 	1.6170 		 	1.0000
523 	4 	0 	3 	0 	0 	0 	0 	0 	6 	0 	0 	25 	0 	6 	0 	9 	2 	0 	0 	0 	1.3880 		 	1.0000
524 	25 	2 	0 	0 	0 	0 	0 	3 	0 	0 	2 	0 	0 	0 	0 	0 	0 	23 	0 	0 	1.8731 		 	1.0000
525 	0 	0 	0 	0 	0 	0 	0 	10 	2 	2 	0 	30 	0 	0 	0 	0 	7 	4 	0 	0 	1.6611 		 	1.0000
526 	16 	0 	2 	5 	0 	0 	0 	0 	8 	1 	0 	16 	0 	2 	0 	1 	4 	0 	0 	0 	1.2016 		 	1.0000
527 	1 	0 	1 	2 	6 	0 	0 	0 	21 	0 	0 	0 	0 	0 	0 	24 	0 	0 	0 	0 	1.7583 		 	1.0000
528 	0 	2 	0 	0 	0 	0 	0 	17 	0 	36 	0 	0 	0 	0 	0 	0 	0 	0 	0 	0 	2.2349 		 	1.0000
529 	1 	0 	2 	18 	0 	0 	0 	0 	4 	0 	0 	5 	0 	11 	0 	14 	0 	0 	0 	0 	1.3580 		 	1.0000
530 	0 	0 	19 	3 	0 	0 	0 	0 	3 	0 	0 	16 	2 	7 	1 	4 	0 	0 	0 	0 	1.3057 		 	1.0000
531 	38 	0 	0 	0 	0 	0 	0 	0 	0 	0 	0 	0 	2 	0 	0 	15 	0 	0 	0 	0 	2.2654 		 	1.0000
532 	1 	0 	0 	4 	0 	0 	0 	0 	25 	19 	0 	0 	0 	0 	2 	0 	0 	4 	0 	0 	1.6955 		 	1.0000
533 	10 	0 	15 	13 	0 	0 	0 	1 	4 	0 	0 	8 	0 	2 	0 	0 	0 	2 	0 	0 	1.2056 		 	1.0000
534 	0 	0 	0 	6 	5 	0 	4 	0 	13 	16 	0 	0 	0 	0 	0 	0 	0 	0 	5 	6 	1.1856 		 	1.0000
535 	0 	0 	0 	0 	0 	0 	0 	21 	0 	34 	0 	0 	0 	0 	0 	0 	0 	0 	0 	0 	2.3308 		 	1.0000
536 	6 	0 	5 	28 	0 	0 	0 	0 	7 	0 	1 	0 	0 	0 	6 	0 	0 	2 	0 	0 	1.4949 		 	1.0000
537 	0 	0 	3 	18 	0 	0 	0 	0 	10 	0 	0 	0 	1 	3 	3 	17 	0 	0 	0 	0 	1.4085 		 	1.0000
538 	8 	0 	0 	0 	0 	0 	0 	0 	0 	0 	0 	0 	0 	0 	0 	45 	1 	0 	0 	1 	2.4054 		 	1.0000
539 	0 	0 	22 	0 	0 	1 	0 	0 	1 	0 	0 	22 	1 	2 	5 	1 	0 	0 	0 	0 	1.6328 		 	1.0000
540 	2 	0 	0 	5 	3 	0 	5 	0 	6 	4 	0 	0 	0 	14 	3 	11 	2 	0 	0 	0 	0.8989 		 	1.0000
541 	0 	0 	0 	0 	3 	0 	0 	23 	15 	7 	0 	0 	0 	4 	0 	1 	0 	0 	0 	2 	1.4718 		 	1.0000
542 	0 	0 	0 	0 	0 	0 	1 	0 	0 	0 	0 	1 	0 	0 	0 	0 	0 	0 	0 	0 	2.3026 		 	0.0364
543 	0 	0 	1 	0 	0 	0 	0 	0 	0 	0 	0 	1 	0 	0 	0 	0 	0 	0 	0 	0 	2.3026 		 	0.0364
544 	0 	0 	0 	0 	0 	0 	0 	0 	0 	0 	0 	1 	0 	1 	0 	0 	0 	0 	0 	0 	2.3026 		 	0.0364
545 	0 	0 	0 	1 	0 	0 	0 	0 	0 	0 	0 	0 	0 	1 	0 	0 	0 	0 	0 	0 	2.3026 		 	0.0364
546 	0 	0 	0 	0 	2 	0 	0 	0 	0 	0 	0 	0 	0 	0 	0 	0 	0 	0 	0 	0 	2.9957 		 	0.0364
547 	0 	0 	0 	0 	0 	0 	0 	0 	0 	0 	0 	0 	1 	1 	0 	0 	0 	0 	0 	0 	2.3026 		 	0.0364
548 	1 	0 	0 	0 	0 	0 	0 	0 	0 	0 	0 	0 	0 	0 	0 	0 	0 	0 	0 	0 	2.9957 		 	0.0182
549 	1 	0 	1 	0 	0 	0 	0 	0 	0 	0 	0 	0 	0 	0 	0 	0 	0 	0 	0 	0 	2.3026 		 	0.0364
550 	0 	0 	0 	0 	0 	0 	0 	1 	0 	0 	1 	0 	0 	0 	0 	0 	0 	0 	0 	0 	2.3026 		 	0.0364
551 	4 	0 	0 	0 	0 	0 	0 	1 	0 	48 	0 	0 	0 	0 	0 	2 	0 	0 	0 	0 	2.4929 		 	1.0000
552 	1 	0 	17 	4 	0 	1 	5 	0 	2 	0 	0 	3 	0 	4 	10 	8 	0 	0 	0 	0 	1.0183 		 	1.0000
553 	3 	0 	0 	5 	0 	0 	1 	0 	12 	0 	0 	6 	0 	4 	0 	16 	8 	0 	0 	0 	1.1421 		 	1.0000
554 	5 	0 	0 	0 	0 	0 	0 	7 	0 	1 	10 	0 	0 	0 	0 	1 	0 	31 	0 	0 	1.7365 		 	1.0000
555 	0 	0 	0 	0 	0 	8 	0 	0 	15 	0 	1 	20 	0 	0 	4 	3 	2 	1 	1 	0 	1.3047 		 	1.0000
556 	3 	0 	0 	0 	0 	15 	0 	0 	0 	0 	0 	2 	2 	0 	6 	5 	6 	16 	0 	0 	1.1811 		 	1.0000
557 	7 	0 	0 	0 	0 	5 	0 	0 	10 	10 	0 	2 	0 	1 	2 	6 	0 	2 	10 	0 	0.9094 		 	1.0000
558 	0 	0 	0 	1 	0 	0 	2 	0 	8 	15 	0 	0 	0 	0 	0 	19 	2 	1 	0 	7 	1.3447 		 	1.0000
559 	1 	0 	0 	0 	2 	0 	0 	2 	4 	1 	0 	6 	0 	3 	0 	15 	17 	4 	0 	0 	1.1101 		 	1.0000
560 	1 	0 	0 	0 	0 	0 	0 	4 	0 	3 	0 	2 	0 	0 	1 	21 	23 	0 	0 	0 	1.6480 		 	1.0000
561 	0 	1 	0 	1 	1 	6 	0 	1 	0 	2 	3 	4 	0 	0 	3 	13 	17 	0 	0 	3 	0.9716 		 	1.0000
562 	8 	0 	0 	3 	1 	2 	0 	10 	0 	2 	0 	5 	0 	0 	0 	16 	6 	2 	0 	0 	0.9934 		 	1.0000
563 	12 	0 	0 	0 	0 	5 	0 	9 	0 	5 	0 	0 	0 	0 	0 	4 	9 	11 	0 	0 	1.1227 		 	1.0000
564 	0 	0 	0 	0 	0 	3 	2 	6 	0 	16 	7 	0 	0 	1 	0 	5 	0 	3 	0 	12 	1.0716 		 	1.0000
565 	4 	0 	0 	0 	0 	0 	0 	43 	0 	2 	0 	0 	0 	0 	0 	1 	1 	4 	0 	0 	2.1558 		 	1.0000
566 	5 	0 	0 	0 	0 	1 	0 	10 	0 	14 	0 	0 	0 	0 	0 	2 	22 	1 	0 	0 	1.4867 		 	1.0000
567 	10 	0 	0 	0 	0 	1 	0 	18 	0 	3 	0 	0 	0 	0 	0 	1 	5 	5 	0 	12 	1.2477 		 	1.0000
568 	10 	0 	0 	0 	0 	4 	0 	26 	0 	10 	1 	0 	2 	0 	0 	0 	0 	0 	0 	2 	1.5171 		 	1.0000
569 	4 	2 	0 	0 	1 	0 	0 	11 	0 	2 	0 	0 	0 	0 	0 	0 	0 	35 	0 	0 	1.8817 		 	1.0000
570 	0 	10 	0 	0 	0 	4 	0 	7 	0 	24 	2 	0 	0 	0 	0 	1 	0 	5 	0 	0 	1.4386 		 	0.9636
571 	1 	0 	0 	0 	0 	0 	0 	3 	0 	14 	5 	0 	0 	0 	0 	10 	12 	6 	0 	0 	1.2577 		 	0.9273
572 	1 	2 	0 	0 	0 	11 	0 	23 	0 	1 	0 	0 	0 	0 	0 	0 	0 	15 	0 	0 	1.6764 		 	0.9636
573 	6 	0 	0 	0 	0 	10 	0 	24 	0 	6 	0 	0 	0 	0 	0 	0 	1 	6 	0 	0 	1.5075 		 	0.9636
574 	4 	0 	0 	0 	0 	2 	0 	3 	0 	13 	0 	0 	0 	0 	0 	17 	3 	11 	0 	0 	1.3162 		 	0.9636
575 	0 	0 	0 	0 	2 	0 	0 	14 	0 	26 	0 	0 	0 	0 	0 	0 	0 	7 	0 	0 	1.8930 		 	0.8909
576 	1 	2 	0 	0 	0 	14 	0 	5 	0 	5 	1 	0 	0 	0 	0 	0 	0 	21 	0 	0 	1.5195 		 	0.8909
577 	1 	5 	0 	0 	7 	0 	0 	20 	0 	7 	0 	0 	0 	0 	0 	0 	0 	9 	0 	0 	1.4504 		 	0.8909
578 	0 	0 	0 	0 	0 	17 	0 	7 	0 	6 	0 	2 	10 	0 	0 	5 	0 	3 	0 	0 	1.2495 		 	0.9091
579 	0 	2 	0 	0 	0 	3 	0 	15 	0 	7 	0 	0 	0 	0 	0 	2 	0 	4 	0 	0 	1.4949 		 	0.6000
580 	0 	0 	0 	0 	0 	1 	0 	7 	0 	17 	0 	0 	0 	0 	0 	0 	3 	5 	0 	0 	1.7153 		 	0.6000
581 	5 	0 	0 	0 	0 	3 	0 	0 	0 	3 	0 	0 	0 	0 	0 	12 	2 	0 	0 	0 	1.6106 		 	0.4545
582 	0 	0 	0 	0 	2 	0 	0 	6 	0 	14 	0 	0 	0 	0 	0 	0 	0 	3 	0 	0 	1.8720 		 	0.4545
583 	3 	0 	0 	0 	0 	5 	0 	6 	0 	0 	1 	0 	0 	0 	0 	0 	0 	10 	0 	0 	1.5816 		 	0.4545
584 	10 	0 	0 	0 	0 	0 	0 	17 	0 	21 	0 	0 	0 	0 	0 	2 	0 	1 	0 	3 	1.5958 		 	0.9818
585 	13 	0 	0 	0 	2 	0 	0 	13 	0 	19 	0 	0 	0 	0 	0 	0 	0 	7 	0 	0 	1.5556 		 	0.9818
586 	0 	12 	0 	0 	1 	0 	0 	28 	0 	5 	0 	0 	0 	0 	0 	0 	4 	4 	0 	1 	1.5749 		 	1.0000
587 	1 	15 	0 	0 	0 	0 	0 	3 	3 	2 	0 	0 	0 	1 	0 	4 	1 	6 	0 	19 	1.1855 		 	1.0000
588 	1 	23 	0 	0 	0 	0 	0 	1 	0 	27 	1 	0 	0 	0 	0 	0 	0 	2 	0 	0 	1.9428 		 	1.0000
589 	0 	16 	0 	2 	0 	0 	0 	2 	5 	4 	12 	0 	0 	0 	0 	4 	0 	4 	0 	6 	1.0318 		 	1.0000
590 	0 	0 	0 	0 	4 	0 	0 	0 	0 	0 	0 	0 	0 	0 	1 	3 	0 	2 	0 	0 	1.7159 		 	0.1818
591 	0 	4 	0 	0 	0 	0 	0 	0 	0 	0 	0 	0 	0 	3 	1 	0 	0 	2 	0 	0 	1.7159 		 	0.1818
592 	0 	2 	0 	0 	2 	0 	0 	3 	0 	1 	0 	0 	0 	0 	0 	0 	0 	2 	0 	0 	1.4386 		 	0.1818
593 	0 	0 	0 	1 	0 	0 	3 	0 	0 	0 	0 	0 	0 	0 	0 	0 	0 	0 	6 	0 	2.0978 		 	0.1818
594 	9 	0 	0 	0 	0 	0 	0 	0 	9 	0 	1 	0 	0 	3 	19 	0 	1 	1 	0 	0 	1.5320 		 	0.7818
595 	0 	0 	0 	0 	3 	10 	2 	0 	9 	8 	2 	0 	0 	0 	4 	0 	0 	1 	0 	16 	1.0868 		 	1.0000
596 	0 	0 	0 	0 	0 	0 	1 	3 	14 	3 	0 	2 	0 	0 	26 	4 	0 	1 	0 	1 	1.4462 		 	1.0000
597 	4 	10 	0 	0 	0 	1 	1 	0 	0 	0 	0 	1 	0 	12 	2 	6 	3 	0 	0 	2 	1.0488 		 	0.7636
598 	0 	0 	0 	0 	0 	0 	0 	2 	12 	0 	0 	0 	0 	0 	0 	0 	4 	0 	0 	0 	2.1470 		 	0.3273
599 	12 	0 	0 	0 	0 	0 	0 	0 	4 	0 	0 	0 	0 	0 	0 	0 	0 	2 	0 	0 	2.1470 		 	0.3273
600 	0 	0 	0 	4 	0 	0 	0 	0 	0 	4 	0 	13 	0 	14 	0 	2 	2 	2 	0 	0 	1.3685 		 	0.7455
601 	5 	0 	4 	0 	0 	0 	1 	4 	10 	0 	0 	0 	0 	13 	0 	0 	2 	0 	0 	2 	1.1914 		 	0.7455
602 	3 	0 	1 	0 	0 	0 	0 	0 	21 	1 	0 	3 	0 	0 	6 	5 	1 	0 	0 	0 	1.4608 		 	0.7455
603 	0 	0 	0 	1 	1 	9 	0 	0 	3 	1 	0 	0 	0 	1 	18 	0 	20 	0 	0 	0 	1.5070 		 	0.9818
604 	1 	0 	0 	9 	0 	0 	0 	6 	1 	15 	0 	3 	5 	0 	0 	7 	3 	3 	0 	0 	0.9632 		 	0.9636
605 	0 	0 	1 	1 	0 	0 	0 	1 	1 	13 	8 	0 	0 	12 	2 	4 	0 	5 	0 	0 	1.0991 		 	0.8727
606 	0 	0 	2 	0 	0 	1 	1 	0 	1 	6 	0 	0 	0 	0 	0 	1 	9 	9 	12 	0 	1.1987 		 	0.7636
607 	0 	0 	0 	0 	3 	8 	0 	1 	0 	17 	9 	0 	0 	0 	2 	0 	2 	4 	0 	0 	1.2582 		 	0.8364
608 	0 	1 	0 	2 	0 	15 	0 	3 	2 	0 	8 	0 	0 	1 	1 	8 	0 	2 	0 	0 	1.1263 		 	0.7818
609 	0 	0 	0 	0 	0 	0 	0 	0 	6 	4 	0 	25 	0 	1 	1 	8 	0 	4 	0 	0 	1.5314 		 	0.8909
610 	1 	0 	7 	0 	6 	0 	1 	0 	0 	0 	0 	18 	5 	0 	10 	1 	0 	0 	0 	0 	1.2972 		 	0.8909
611 	2 	0 	3 	0 	0 	0 	1 	0 	4 	0 	0 	0 	16 	7 	1 	0 	13 	2 	0 	0 	1.2047 		 	0.8909
612 	2 	0 	2 	1 	0 	14 	1 	0 	0 	17 	0 	1 	0 	0 	0 	0 	5 	3 	0 	3 	1.1962 		 	0.8909
613 	1 	0 	13 	0 	2 	1 	5 	0 	0 	12 	0 	5 	0 	0 	5 	7 	0 	0 	0 	0 	1.0700 		 	0.9273
614 	0 	0 	0 	1 	0 	5 	4 	5 	16 	0 	0 	1 	0 	13 	4 	2 	0 	0 	0 	0 	1.1478 		 	0.9273
615 	0 	0 	0 	3 	0 	2 	0 	9 	0 	1 	12 	2 	18 	0 	0 	2 	0 	0 	0 	0 	1.3299 		 	0.8909
616 	0 	0 	17 	0 	0 	0 	0 	0 	0 	0 	0 	13 	0 	0 	17 	1 	0 	1 	0 	0 	1.7503 		 	0.8909
617 	12 	0 	5 	1 	0 	0 	0 	0 	1 	16 	0 	6 	4 	0 	0 	0 	4 	0 	0 	0 	1.2278 		 	0.8909
618 	3 	0 	0 	0 	0 	0 	0 	9 	0 	0 	0 	0 	3 	0 	0 	0 	32 	0 	0 	2 	1.9336 		 	0.8909
619 	5 	0 	0 	0 	3 	14 	0 	0 	0 	0 	0 	0 	1 	0 	0 	0 	0 	0 	0 	10 	1.6603 		 	0.6000
620 	0 	0 	0 	0 	8 	0 	0 	2 	0 	0 	0 	0 	0 	0 	0 	0 	20 	2 	0 	1 	1.9029 		 	0.6000
621 	0 	0 	0 	0 	0 	0 	0 	0 	0 	8 	0 	1 	0 	0 	0 	26 	0 	0 	0 	0 	2.3360 		 	0.6364
622 	0 	0 	0 	6 	0 	0 	1 	0 	19 	0 	0 	3 	0 	0 	0 	4 	2 	0 	0 	0 	1.6382 		 	0.6364
623 	0 	0 	0 	0 	0 	0 	0 	0 	0 	0 	0 	4 	5 	0 	0 	21 	0 	0 	0 	0 	2.1788 		 	0.5455
624 	0 	0 	0 	0 	0 	0 	0 	0 	6 	0 	0 	3 	0 	0 	2 	0 	0 	4 	0 	15 	1.6478 		 	0.5455
625 	0 	0 	0 	0 	0 	0 	3 	6 	0 	0 	1 	0 	0 	1 	0 	0 	0 	13 	0 	0 	1.7923 		 	0.4364
626 	0 	0 	4 	1 	0 	5 	0 	0 	0 	0 	0 	0 	0 	0 	20 	0 	0 	0 	0 	0 	2.0448 		 	0.5455
627 	0 	0 	4 	0 	0 	0 	5 	0 	0 	0 	0 	4 	0 	0 	0 	15 	2 	0 	0 	0 	1.6327 		 	0.5455
628 	0 	0 	0 	0 	0 	0 	0 	3 	0 	19 	5 	0 	1 	0 	0 	0 	0 	0 	0 	0 	2.0666 		 	0.5091
629 	0 	0 	0 	0 	0 	0 	1 	4 	0 	0 	0 	0 	0 	0 	0 	0 	0 	0 	0 	9 	2.1653 		 	0.2545
630 	0 	0 	0 	0 	0 	3 	0 	1 	0 	0 	0 	0 	1 	0 	4 	0 	5 	0 	0 	0 	1.5630 		 	0.2545
631 	0 	0 	0 	0 	0 	1 	0 	4 	0 	0 	0 	5 	0 	0 	0 	0 	0 	0 	0 	4 	1.7236 		 	0.2545
632 	0 	0 	0 	0 	0 	5 	0 	0 	0 	0 	0 	1 	1 	0 	0 	3 	12 	0 	0 	0 	1.7757 		 	0.4000
633 	0 	0 	0 	0 	0 	5 	0 	0 	12 	0 	0 	1 	0 	1 	0 	0 	0 	0 	0 	0 	2.0442 		 	0.3455
634 	1 	0 	0 	0 	5 	0 	0 	3 	0 	0 	8 	0 	0 	0 	0 	2 	0 	0 	0 	0 	1.5968 		 	0.3455
635 	0 	0 	5 	0 	0 	0 	1 	0 	0 	0 	0 	1 	0 	0 	0 	0 	0 	0 	0 	0 	2.1994 		 	0.1273
636 	5 	0 	0 	0 	0 	0 	0 	0 	0 	0 	0 	0 	0 	0 	0 	0 	0 	0 	0 	0 	2.9957 		 	0.0909
637 	0 	0 	0 	0 	0 	0 	0 	0 	0 	0 	5 	0 	0 	0 	0 	0 	0 	0 	0 	0 	2.9957 		 	0.0909
638 	3 	0 	0 	0 	0 	0 	0 	0 	0 	0 	0 	0 	0 	0 	0 	0 	2 	0 	0 	0 	2.3227 		 	0.0909
639 	0 	0 	0 	5 	0 	0 	0 	0 	0 	0 	0 	0 	0 	0 	0 	0 	0 	0 	0 	0 	2.9957 		 	0.0909
640 	0 	0 	0 	0 	0 	0 	0 	0 	5 	0 	0 	0 	0 	0 	0 	0 	0 	0 	0 	0 	2.9957 		 	0.0909
641 	0 	0 	0 	0 	0 	0 	0 	0 	0 	0 	0 	0 	0 	0 	5 	0 	0 	0 	0 	0 	2.9957 		 	0.0909
# End LogoData
