## LogoData
# First column is position number, counting from zero
# Subsequent columns are raw symbol counts
# Entropy is mean entropy measured in nats.
# Low and High are the 95% confidence limits.
# Weight is the fraction of non-gap symbols in the column.
#	
#	A 	C 	D 	E 	F 	G 	H 	I 	K 	L 	M 	N 	P 	Q 	R 	S 	T 	V 	W 	Y 	Entropy	Low	High	Weight
1 	1 	0 	0 	0 	0 	0 	0 	0 	0 	0 	0 	0 	0 	0 	0 	0 	0 	0 	0 	0 	2.9957 		 	0.0061
2 	0 	0 	0 	0 	1 	0 	0 	0 	0 	0 	0 	0 	0 	0 	0 	0 	0 	0 	0 	0 	2.9957 		 	0.0061
3 	0 	0 	0 	0 	1 	0 	0 	0 	0 	0 	0 	0 	0 	0 	0 	0 	0 	0 	0 	0 	2.9957 		 	0.0061
4 	0 	0 	0 	0 	0 	0 	0 	0 	0 	0 	0 	0 	0 	0 	0 	1 	0 	0 	0 	0 	2.9957 		 	0.0061
5 	0 	0 	0 	0 	0 	0 	0 	0 	0 	0 	0 	0 	0 	0 	0 	0 	0 	0 	1 	0 	2.9957 		 	0.0061
6 	0 	0 	0 	0 	0 	0 	0 	0 	0 	0 	0 	0 	0 	0 	0 	1 	0 	0 	0 	0 	2.9957 		 	0.0061
7 	0 	0 	0 	0 	0 	0 	0 	0 	0 	1 	0 	0 	0 	0 	0 	0 	0 	0 	0 	0 	2.9957 		 	0.0061
8 	0 	0 	0 	0 	0 	0 	0 	0 	0 	0 	0 	0 	0 	0 	1 	0 	1 	0 	0 	0 	2.3026 		 	0.0122
9 	0 	0 	1 	0 	0 	0 	0 	0 	0 	0 	0 	0 	0 	0 	0 	3 	0 	0 	0 	0 	2.4334 		 	0.0244
10 	0 	0 	0 	0 	0 	0 	0 	0 	0 	0 	0 	0 	0 	0 	0 	1 	1 	3 	0 	0 	2.0455 		 	0.0305
11 	0 	0 	0 	0 	0 	0 	0 	0 	0 	0 	0 	0 	0 	0 	0 	4 	0 	1 	0 	0 	2.4953 		 	0.0305
12 	0 	0 	0 	0 	0 	1 	3 	0 	0 	0 	0 	0 	0 	1 	0 	0 	0 	0 	0 	0 	2.0455 		 	0.0305
13 	0 	0 	0 	0 	0 	0 	0 	0 	1 	3 	0 	0 	0 	0 	1 	0 	0 	0 	0 	0 	2.0455 		 	0.0305
14 	0 	0 	4 	1 	0 	0 	0 	0 	0 	0 	0 	0 	0 	0 	0 	0 	0 	0 	0 	0 	2.4953 		 	0.0305
15 	0 	0 	3 	0 	0 	0 	0 	0 	1 	0 	0 	0 	0 	0 	0 	0 	1 	0 	0 	0 	2.0455 		 	0.0305
16 	0 	0 	0 	0 	0 	0 	0 	0 	0 	0 	0 	0 	1 	0 	1 	0 	3 	0 	0 	0 	2.0455 		 	0.0305
17 	14 	3 	0 	0 	0 	1 	0 	0 	0 	0 	0 	0 	0 	0 	0 	0 	0 	0 	0 	0 	2.3411 		 	0.1098
18 	51 	0 	1 	0 	0 	8 	0 	0 	0 	0 	0 	0 	0 	0 	0 	3 	0 	9 	0 	0 	2.0556 		 	0.4390
19 	3 	0 	5 	25 	4 	29 	0 	12 	0 	0 	0 	0 	0 	0 	0 	7 	0 	46 	0 	1 	1.2536 		 	0.8049
20 	6 	1 	0 	3 	0 	49 	0 	1 	0 	0 	2 	0 	46 	0 	0 	1 	5 	19 	0 	0 	1.4606 		 	0.8110
21 	0 	0 	0 	0 	19 	0 	0 	32 	0 	35 	8 	0 	0 	0 	1 	2 	0 	32 	0 	0 	1.3934 		 	0.7866
22 	18 	0 	0 	1 	0 	52 	0 	1 	0 	0 	0 	0 	0 	3 	1 	29 	1 	32 	0 	0 	1.4695 		 	0.8415
23 	0 	0 	0 	0 	0 	0 	0 	5 	0 	30 	0 	0 	0 	0 	0 	0 	0 	12 	0 	0 	2.1222 		 	0.2866
24 	0 	0 	0 	0 	0 	0 	0 	0 	0 	0 	0 	0 	0 	7 	0 	0 	28 	0 	12 	0 	2.0550 		 	0.2866
25 	0 	0 	0 	0 	0 	3 	0 	0 	0 	0 	0 	0 	0 	0 	0 	0 	0 	0 	0 	0 	2.9957 		 	0.0183
26 	0 	0 	0 	0 	0 	0 	0 	0 	0 	0 	0 	0 	3 	0 	0 	0 	0 	0 	0 	0 	2.9957 		 	0.0183
27 	0 	0 	0 	0 	0 	0 	0 	0 	0 	0 	0 	0 	0 	0 	0 	0 	3 	0 	0 	0 	2.9957 		 	0.0183
28 	3 	0 	0 	0 	0 	0 	0 	0 	0 	0 	0 	0 	0 	0 	0 	0 	0 	0 	0 	0 	2.9957 		 	0.0183
29 	0 	0 	8 	0 	0 	0 	0 	0 	0 	0 	0 	0 	0 	0 	3 	0 	0 	0 	0 	0 	2.4098 		 	0.0671
30 	7 	0 	0 	0 	11 	0 	0 	3 	0 	0 	0 	0 	0 	0 	0 	0 	0 	0 	0 	0 	2.0128 		 	0.1280
31 	7 	0 	0 	0 	9 	8 	0 	0 	0 	30 	0 	0 	0 	0 	0 	0 	0 	11 	0 	0 	1.5666 		 	0.3963
32 	34 	0 	0 	0 	0 	0 	0 	23 	0 	0 	0 	0 	0 	0 	0 	0 	0 	15 	0 	0 	1.9501 		 	0.4390
33 	10 	0 	0 	0 	0 	0 	7 	0 	0 	25 	0 	0 	8 	0 	0 	20 	0 	2 	0 	0 	1.4282 		 	0.4390
34 	57 	0 	0 	0 	0 	0 	0 	0 	0 	25 	2 	0 	0 	0 	0 	0 	0 	0 	0 	0 	2.2829 		 	0.5122
35 	0 	0 	0 	1 	2 	24 	0 	25 	0 	51 	22 	0 	0 	0 	0 	1 	0 	16 	0 	0 	1.3569 		 	0.8659
36 	0 	0 	0 	0 	76 	0 	0 	4 	0 	36 	9 	0 	1 	0 	0 	0 	0 	15 	1 	0 	1.7306 		 	0.8659
37 	12 	0 	0 	1 	2 	26 	0 	1 	0 	93 	1 	0 	0 	0 	0 	0 	0 	6 	0 	0 	1.9005 		 	0.8659
38 	36 	0 	0 	0 	0 	112 	0 	0 	0 	5 	0 	0 	0 	0 	0 	0 	0 	2 	0 	0 	2.2550 		 	0.9451
39 	0 	0 	0 	0 	72 	0 	0 	18 	0 	2 	0 	0 	0 	0 	0 	0 	0 	5 	0 	0 	2.2291 		 	0.5915
40 	1 	0 	2 	0 	0 	0 	0 	1 	0 	133 	7 	0 	0 	0 	0 	4 	1 	9 	0 	0 	2.3049 		 	0.9634
41 	15 	0 	0 	0 	0 	53 	0 	0 	0 	0 	0 	0 	0 	0 	0 	4 	4 	0 	0 	0 	2.1142 		 	0.4634
42 	80 	0 	1 	1 	0 	0 	0 	0 	0 	1 	2 	3 	0 	0 	0 	0 	52 	0 	0 	0 	2.0592 		 	0.8537
43 	86 	0 	0 	0 	0 	0 	0 	1 	0 	10 	23 	5 	0 	0 	0 	1 	7 	7 	0 	0 	1.7220 		 	0.8537
44 	0 	0 	0 	0 	0 	116 	0 	4 	0 	1 	0 	0 	3 	0 	1 	0 	8 	7 	0 	3 	2.1854 		 	0.8720
45 	26 	0 	0 	3 	0 	37 	0 	0 	0 	7 	0 	0 	0 	0 	1 	68 	4 	1 	0 	0 	1.5951 		 	0.8963
46 	24 	0 	0 	0 	0 	0 	1 	51 	4 	1 	1 	0 	0 	0 	2 	7 	51 	5 	0 	0 	1.4469 		 	0.8963
47 	37 	0 	0 	0 	0 	0 	0 	12 	0 	4 	83 	0 	0 	0 	1 	2 	7 	2 	0 	0 	1.7291 		 	0.9024
48 	59 	0 	0 	0 	0 	77 	0 	0 	2 	7 	0 	0 	0 	1 	5 	1 	11 	0 	0 	0 	1.7331 		 	0.9939
49 	99 	1 	0 	1 	0 	43 	0 	1 	0 	0 	1 	1 	0 	0 	0 	16 	1 	0 	0 	0 	1.9264 		 	1.0000
50 	82 	0 	0 	0 	5 	2 	0 	8 	0 	7 	6 	0 	0 	3 	8 	0 	8 	34 	0 	0 	1.3882 		 	0.9939
51 	26 	0 	0 	0 	0 	46 	0 	0 	0 	2 	0 	1 	0 	0 	0 	79 	9 	1 	0 	0 	1.7201 		 	1.0000
52 	9 	0 	0 	0 	1 	9 	0 	22 	0 	24 	20 	1 	0 	0 	1 	3 	44 	23 	0 	4 	0.9653 		 	0.9817
53 	13 	0 	1 	0 	0 	62 	0 	0 	0 	1 	0 	0 	0 	0 	2 	12 	68 	1 	0 	0 	1.7165 		 	0.9756
54 	10 	0 	1 	0 	0 	2 	0 	6 	0 	93 	0 	0 	0 	0 	0 	2 	32 	7 	0 	8 	1.6363 		 	0.9817
55 	9 	1 	0 	0 	0 	7 	0 	0 	6 	0 	0 	0 	0 	0 	0 	16 	113 	9 	0 	0 	1.9049 		 	0.9817
56 	1 	0 	0 	0 	0 	0 	0 	0 	0 	0 	0 	0 	0 	0 	0 	0 	0 	0 	0 	0 	2.9957 		 	0.0061
57 	2 	0 	0 	0 	0 	0 	0 	0 	1 	0 	0 	0 	0 	0 	0 	0 	0 	7 	0 	0 	2.1939 		 	0.0610
58 	8 	1 	0 	0 	0 	0 	0 	0 	0 	0 	0 	0 	0 	0 	0 	0 	1 	0 	0 	0 	2.3567 		 	0.0610
59 	44 	0 	0 	0 	0 	29 	0 	0 	0 	0 	0 	9 	0 	0 	0 	0 	2 	0 	0 	0 	1.9615 		 	0.5122
60 	12 	0 	0 	0 	0 	0 	0 	14 	0 	49 	0 	0 	0 	0 	0 	0 	0 	0 	0 	0 	2.1111 		 	0.4573
61 	22 	0 	0 	0 	0 	16 	0 	7 	1 	6 	1 	7 	0 	0 	0 	0 	0 	84 	0 	0 	1.6547 		 	0.8780
62 	16 	0 	0 	8 	0 	0 	2 	0 	7 	0 	7 	1 	0 	86 	1 	0 	1 	13 	0 	2 	1.5497 		 	0.8780
63 	55 	0 	1 	3 	0 	2 	0 	0 	0 	0 	0 	0 	1 	9 	0 	30 	32 	11 	0 	0 	1.3883 		 	0.8780
64 	0 	0 	0 	0 	0 	0 	0 	0 	0 	4 	3 	0 	2 	0 	0 	0 	0 	8 	0 	0 	1.7427 		 	0.1037
65 	1 	0 	0 	0 	0 	0 	0 	2 	0 	0 	0 	0 	0 	0 	0 	11 	0 	0 	0 	0 	2.3398 		 	0.0854
66 	0 	0 	0 	0 	0 	0 	0 	0 	1 	0 	0 	0 	0 	4 	0 	0 	0 	0 	0 	0 	2.4953 		 	0.0305
67 	0 	0 	0 	0 	0 	0 	0 	5 	0 	0 	0 	0 	0 	0 	0 	0 	0 	0 	0 	0 	2.9957 		 	0.0305
68 	0 	0 	0 	0 	0 	0 	0 	0 	0 	0 	0 	0 	0 	0 	0 	6 	0 	0 	0 	0 	2.9957 		 	0.0366
69 	0 	0 	5 	1 	0 	0 	0 	0 	0 	0 	0 	0 	0 	0 	0 	0 	0 	0 	0 	0 	2.5452 		 	0.0366
70 	0 	0 	0 	0 	1 	0 	0 	4 	0 	1 	0 	0 	0 	0 	0 	0 	0 	0 	0 	0 	2.1282 		 	0.0366
71 	0 	1 	0 	0 	0 	0 	0 	0 	0 	0 	0 	5 	0 	0 	0 	0 	0 	0 	0 	0 	2.5452 		 	0.0366
72 	0 	0 	6 	0 	0 	0 	0 	0 	0 	0 	0 	0 	0 	0 	0 	0 	0 	0 	0 	0 	2.9957 		 	0.0366
73 	0 	0 	0 	4 	0 	0 	0 	0 	0 	0 	0 	0 	0 	1 	0 	0 	0 	0 	0 	0 	2.4953 		 	0.0305
74 	0 	0 	0 	0 	0 	0 	0 	0 	1 	0 	0 	2 	0 	0 	2 	0 	0 	0 	0 	0 	1.9408 		 	0.0305
75 	0 	0 	0 	0 	0 	0 	0 	0 	0 	5 	1 	0 	0 	0 	0 	0 	0 	0 	0 	0 	2.5452 		 	0.0366
76 	1 	0 	0 	0 	0 	1 	2 	0 	0 	1 	0 	0 	0 	7 	71 	0 	0 	0 	0 	0 	2.4041 		 	0.5061
77 	0 	0 	0 	0 	0 	1 	6 	0 	3 	6 	0 	1 	0 	41 	2 	2 	21 	0 	0 	0 	1.5138 		 	0.5061
78 	0 	0 	0 	0 	0 	5 	0 	0 	0 	74 	0 	0 	0 	0 	0 	1 	0 	2 	0 	1 	2.5279 		 	0.5061
79 	0 	0 	0 	0 	2 	0 	0 	2 	0 	70 	3 	0 	0 	0 	0 	0 	0 	4 	1 	0 	2.3574 		 	0.5000
80 	29 	0 	1 	0 	0 	0 	3 	0 	2 	0 	0 	0 	1 	0 	1 	67 	1 	0 	0 	3 	1.9001 		 	0.6585
81 	1 	0 	2 	0 	0 	77 	0 	0 	0 	15 	6 	0 	0 	0 	0 	0 	1 	0 	0 	8 	1.9668 		 	0.6707
82 	0 	0 	0 	0 	0 	0 	0 	77 	0 	7 	0 	1 	0 	0 	0 	16 	9 	0 	0 	0 	2.0428 		 	0.6707
83 	2 	0 	0 	0 	0 	0 	7 	3 	3 	17 	0 	0 	0 	2 	10 	0 	0 	77 	0 	0 	1.7425 		 	0.7378
84 	18 	0 	5 	1 	0 	0 	3 	0 	4 	0 	0 	2 	0 	100 	3 	0 	25 	0 	0 	0 	1.7316 		 	0.9817
85 	8 	0 	0 	11 	0 	2 	5 	0 	0 	0 	0 	0 	0 	117 	7 	10 	2 	2 	0 	0 	1.8534 		 	1.0000
86 	0 	0 	0 	0 	23 	6 	0 	4 	0 	9 	0 	0 	0 	77 	0 	3 	3 	22 	0 	15 	1.3518 		 	0.9878
87 	3 	0 	2 	8 	0 	2 	7 	2 	14 	0 	0 	46 	0 	40 	8 	12 	15 	3 	0 	0 	0.9248 		 	0.9878
88 	0 	0 	0 	0 	0 	0 	0 	1 	16 	0 	0 	56 	0 	50 	5 	23 	11 	0 	0 	0 	1.4385 		 	0.9878
89 	0 	0 	0 	0 	3 	0 	0 	8 	0 	144 	0 	0 	1 	0 	0 	0 	0 	8 	0 	0 	2.4826 		 	1.0000
90 	10 	0 	0 	0 	0 	0 	5 	7 	0 	91 	13 	1 	0 	22 	0 	9 	0 	6 	0 	0 	1.4755 		 	1.0000
91 	28 	3 	19 	13 	0 	1 	16 	5 	8 	1 	6 	13 	0 	2 	48 	0 	1 	0 	0 	0 	0.8607 		 	1.0000
92 	96 	0 	0 	10 	0 	0 	0 	0 	0 	1 	0 	5 	0 	8 	0 	0 	7 	34 	3 	0 	1.6928 		 	1.0000
93 	2 	0 	0 	0 	0 	0 	6 	60 	0 	19 	13 	1 	0 	9 	0 	3 	10 	41 	0 	0 	1.2217 		 	1.0000
94 	7 	0 	13 	56 	0 	1 	22 	8 	21 	5 	0 	8 	0 	17 	0 	1 	1 	3 	0 	0 	0.9517 		 	0.9939
95 	63 	0 	12 	8 	0 	2 	12 	0 	11 	0 	0 	3 	0 	12 	22 	6 	11 	0 	0 	2 	0.9732 		 	1.0000
96 	0 	0 	0 	0 	0 	0 	0 	0 	0 	0 	0 	0 	0 	0 	0 	0 	8 	0 	0 	0 	2.9957 		 	0.0488
97 	0 	0 	0 	0 	8 	0 	0 	0 	0 	0 	0 	0 	0 	0 	0 	0 	0 	0 	0 	0 	2.9957 		 	0.0488
98 	5 	0 	56 	8 	0 	0 	0 	2 	0 	0 	0 	3 	0 	87 	1 	0 	2 	0 	0 	0 	1.8270 		 	1.0000
99 	4 	0 	0 	0 	0 	0 	0 	26 	0 	21 	0 	0 	0 	90 	0 	1 	1 	21 	0 	0 	1.6953 		 	1.0000
100 	0 	0 	5 	38 	0 	3 	51 	0 	14 	0 	0 	5 	0 	30 	3 	10 	4 	1 	0 	0 	1.1214 		 	1.0000
101 	21 	0 	0 	13 	0 	0 	3 	4 	8 	62 	21 	8 	0 	6 	7 	1 	1 	8 	0 	0 	0.9708 		 	0.9939
102 	3 	0 	0 	0 	0 	0 	0 	0 	0 	0 	0 	0 	0 	0 	0 	8 	0 	0 	0 	0 	2.4098 		 	0.0671
103 	0 	0 	0 	0 	0 	0 	0 	0 	0 	3 	0 	0 	0 	0 	0 	0 	8 	0 	0 	0 	2.4098 		 	0.0671
104 	0 	0 	0 	0 	0 	0 	0 	7 	0 	126 	5 	0 	0 	2 	0 	3 	3 	18 	0 	0 	2.1096 		 	1.0000
105 	0 	0 	1 	40 	0 	2 	0 	7 	8 	0 	0 	9 	0 	49 	21 	8 	19 	0 	0 	0 	1.1043 		 	1.0000
106 	7 	0 	2 	15 	0 	7 	0 	0 	16 	77 	0 	0 	0 	14 	1 	10 	7 	0 	0 	0 	1.2900 		 	0.9512
107 	0 	0 	0 	0 	1 	1 	0 	0 	0 	0 	4 	0 	0 	0 	3 	12 	73 	0 	0 	1 	2.1457 		 	0.5793
108 	0 	0 	0 	0 	2 	0 	0 	13 	0 	3 	0 	0 	0 	0 	0 	0 	1 	68 	0 	7 	2.0543 		 	0.5732
109 	7 	0 	0 	0 	0 	0 	2 	0 	0 	0 	0 	0 	0 	0 	0 	0 	0 	0 	76 	0 	2.6018 		 	0.5183
110 	28 	0 	0 	0 	0 	84 	0 	3 	0 	5 	7 	0 	0 	1 	0 	27 	8 	0 	0 	0 	1.5589 		 	0.9939
111 	1 	0 	3 	0 	2 	0 	0 	102 	0 	10 	8 	0 	0 	0 	0 	0 	18 	19 	0 	0 	1.7306 		 	0.9939
112 	0 	0 	8 	1 	0 	3 	0 	0 	82 	3 	0 	10 	0 	17 	3 	14 	13 	9 	0 	0 	1.2709 		 	0.9939
113 	11 	0 	11 	0 	0 	0 	12 	7 	14 	8 	0 	39 	0 	59 	0 	0 	0 	1 	0 	0 	1.1997 		 	0.9878
114 	0 	0 	0 	0 	0 	0 	0 	14 	0 	121 	0 	15 	0 	0 	0 	0 	8 	5 	0 	0 	2.0893 		 	0.9939
115 	7 	0 	0 	38 	0 	0 	21 	0 	0 	3 	0 	13 	0 	76 	5 	0 	0 	0 	0 	0 	1.5192 		 	0.9939
116 	68 	0 	15 	0 	0 	0 	0 	0 	37 	7 	0 	2 	0 	2 	8 	1 	16 	0 	0 	7 	1.2895 		 	0.9939
117 	0 	0 	3 	0 	0 	7 	5 	0 	3 	0 	0 	16 	0 	16 	86 	27 	0 	0 	0 	0 	1.5158 		 	0.9939
118 	0 	0 	0 	0 	0 	0 	0 	33 	0 	61 	1 	0 	0 	0 	0 	0 	0 	68 	0 	0 	1.9086 		 	0.9939
119 	0 	0 	8 	0 	0 	0 	0 	2 	8 	68 	0 	10 	0 	1 	7 	1 	53 	6 	0 	0 	1.4288 		 	1.0000
120 	80 	0 	0 	0 	0 	0 	4 	15 	6 	0 	0 	8 	0 	0 	3 	40 	7 	1 	0 	0 	1.4848 		 	1.0000
121 	0 	0 	0 	0 	0 	0 	0 	34 	0 	76 	0 	0 	0 	0 	0 	0 	0 	54 	0 	0 	1.9473 		 	1.0000
122 	24 	0 	0 	94 	0 	0 	2 	0 	5 	0 	0 	0 	0 	0 	3 	27 	0 	0 	0 	8 	1.7161 		 	0.9939
123 	15 	0 	0 	38 	0 	0 	12 	0 	24 	1 	0 	1 	0 	9 	49 	8 	6 	0 	0 	0 	1.1094 		 	0.9939
124 	3 	0 	0 	0 	0 	0 	1 	1 	0 	3 	11 	0 	0 	7 	9 	0 	0 	45 	0 	83 	1.6101 		 	0.9939
125 	10 	0 	0 	0 	0 	0 	0 	11 	0 	78 	1 	0 	0 	0 	0 	0 	1 	62 	0 	0 	1.8597 		 	0.9939
126 	16 	0 	0 	0 	0 	0 	0 	0 	0 	61 	0 	0 	0 	0 	0 	0 	0 	0 	0 	0 	2.4847 		 	0.4695
127 	0 	0 	1 	5 	0 	0 	0 	0 	0 	0 	2 	0 	0 	61 	0 	0 	0 	7 	0 	0 	2.2679 		 	0.4634
128 	0 	0 	0 	0 	0 	0 	0 	7 	0 	3 	0 	54 	0 	0 	4 	0 	8 	0 	0 	0 	2.0137 		 	0.4634
129 	0 	0 	0 	0 	0 	10 	8 	0 	2 	0 	0 	0 	0 	0 	56 	0 	0 	0 	0 	0 	2.1711 		 	0.4634
130 	18 	0 	0 	0 	0 	0 	0 	5 	0 	7 	0 	0 	0 	3 	50 	1 	1 	0 	0 	0 	1.7600 		 	0.5183
131 	3 	0 	16 	0 	0 	50 	0 	0 	6 	0 	0 	0 	0 	0 	8 	0 	0 	0 	0 	2 	1.7534 		 	0.5183
132 	0 	0 	0 	0 	0 	0 	0 	3 	0 	52 	0 	0 	0 	0 	0 	0 	0 	25 	5 	0 	2.0505 		 	0.5183
133 	0 	0 	0 	16 	0 	0 	0 	0 	0 	0 	0 	0 	0 	8 	1 	0 	4 	0 	0 	0 	1.9230 		 	0.1768
134 	14 	0 	0 	0 	4 	0 	0 	0 	0 	8 	0 	0 	0 	0 	0 	0 	0 	0 	0 	3 	1.7810 		 	0.1768
135 	0 	0 	0 	0 	0 	0 	0 	10 	0 	13 	6 	0 	0 	0 	0 	0 	0 	1 	0 	0 	1.8319 		 	0.1829
136 	1 	0 	0 	8 	0 	0 	0 	0 	9 	0 	0 	1 	0 	0 	1 	3 	2 	5 	0 	0 	1.2325 		 	0.1829
137 	3 	0 	62 	10 	0 	0 	0 	0 	7 	0 	0 	0 	0 	0 	0 	4 	0 	0 	0 	0 	2.0457 		 	0.5244
138 	1 	0 	1 	0 	10 	0 	0 	7 	1 	37 	0 	5 	0 	0 	13 	1 	1 	1 	7 	0 	1.2032 		 	0.5183
139 	0 	0 	0 	0 	1 	0 	1 	2 	0 	63 	5 	0 	0 	8 	1 	0 	0 	0 	5 	0 	1.9732 		 	0.5244
140 	2 	0 	0 	5 	35 	0 	0 	3 	46 	6 	7 	0 	0 	15 	19 	0 	8 	0 	0 	14 	0.9693 		 	0.9756
141 	8 	0 	74 	0 	0 	0 	1 	7 	1 	29 	1 	2 	0 	4 	0 	0 	7 	8 	9 	0 	1.3120 		 	0.9207
142 	10 	0 	0 	28 	0 	0 	0 	0 	22 	0 	0 	0 	0 	87 	7 	0 	0 	0 	0 	0 	1.7671 		 	0.9390
143 	0 	0 	0 	1 	0 	0 	0 	0 	0 	0 	0 	0 	0 	4 	0 	0 	0 	0 	0 	0 	2.4953 		 	0.0305
144 	0 	0 	0 	0 	0 	0 	0 	0 	0 	5 	0 	0 	0 	0 	0 	0 	0 	0 	0 	0 	2.9957 		 	0.0305
145 	0 	0 	0 	0 	0 	1 	0 	0 	0 	0 	0 	0 	0 	4 	0 	0 	0 	0 	0 	0 	2.4953 		 	0.0305
146 	0 	0 	0 	0 	0 	0 	0 	0 	4 	0 	0 	0 	0 	0 	0 	0 	0 	1 	0 	0 	2.4953 		 	0.0305
147 	0 	0 	0 	0 	0 	0 	0 	0 	0 	0 	0 	0 	0 	0 	0 	3 	2 	0 	0 	0 	2.3227 		 	0.0305
148 	0 	0 	4 	1 	0 	0 	0 	0 	0 	0 	0 	0 	0 	0 	0 	0 	0 	0 	0 	0 	2.4953 		 	0.0305
149 	24 	0 	4 	32 	7 	1 	3 	0 	1 	7 	0 	2 	0 	68 	2 	0 	3 	0 	0 	0 	1.3111 		 	0.9390
150 	7 	0 	0 	4 	0 	53 	0 	5 	2 	53 	0 	0 	0 	15 	11 	0 	8 	5 	0 	0 	1.2218 		 	0.9939
151 	0 	0 	0 	0 	15 	0 	0 	1 	0 	74 	18 	0 	0 	2 	0 	0 	0 	0 	0 	7 	1.8759 		 	0.7134
152 	0 	0 	0 	0 	0 	48 	3 	0 	5 	0 	0 	32 	0 	18 	1 	8 	1 	1 	0 	0 	1.4534 		 	0.7134
153 	6 	0 	0 	15 	3 	1 	0 	41 	0 	18 	2 	0 	0 	1 	0 	17 	0 	3 	0 	0 	1.2369 		 	0.6524
154 	0 	0 	0 	0 	1 	43 	3 	13 	0 	16 	0 	0 	0 	0 	0 	7 	3 	0 	77 	0 	1.5469 		 	0.9939
155 	0 	0 	7 	0 	0 	96 	0 	8 	0 	42 	1 	0 	0 	0 	4 	0 	0 	0 	0 	0 	1.9266 		 	0.9634
156 	0 	157 	0 	0 	0 	0 	0 	0 	0 	0 	0 	0 	0 	0 	0 	1 	0 	0 	0 	0 	2.9574 		 	0.9634
157 	49 	0 	0 	2 	0 	0 	3 	8 	13 	8 	0 	7 	7 	0 	0 	51 	1 	2 	7 	0 	1.1279 		 	0.9634
158 	46 	0 	3 	8 	19 	52 	7 	0 	2 	0 	0 	1 	3 	7 	3 	0 	7 	0 	5 	0 	1.0575 		 	0.9939
159 	1 	0 	0 	0 	0 	0 	1 	11 	57 	40 	0 	10 	0 	0 	33 	0 	0 	2 	0 	8 	1.3426 		 	0.9939
160 	3 	1 	0 	0 	0 	2 	2 	2 	26 	0 	0 	7 	0 	29 	0 	0 	11 	0 	0 	3 	1.2520 		 	0.5244
161 	5 	0 	3 	49 	7 	3 	13 	0 	1 	0 	0 	1 	0 	2 	2 	0 	0 	0 	0 	0 	1.5074 		 	0.5244
162 	1 	0 	0 	26 	11 	0 	4 	1 	9 	43 	3 	0 	7 	33 	4 	1 	2 	8 	0 	10 	0.8286 		 	0.9939
163 	0 	70 	0 	0 	8 	0 	0 	51 	0 	1 	0 	0 	0 	0 	0 	4 	1 	28 	0 	0 	1.6652 		 	0.9939
164 	0 	140 	0 	1 	0 	0 	2 	2 	7 	4 	0 	0 	0 	0 	1 	0 	0 	6 	0 	0 	2.3469 		 	0.9939
165 	0 	0 	0 	0 	56 	0 	32 	3 	0 	0 	0 	0 	3 	0 	0 	0 	51 	11 	0 	7 	1.4813 		 	0.9939
166 	0 	0 	2 	0 	0 	0 	0 	1 	0 	15 	0 	3 	8 	0 	0 	8 	86 	0 	1 	39 	1.6107 		 	0.9939
167 	48 	0 	0 	0 	2 	8 	0 	1 	1 	4 	0 	24 	7 	0 	7 	8 	45 	2 	1 	5 	1.0325 		 	0.9939
168 	0 	0 	0 	0 	0 	1 	8 	0 	1 	3 	0 	0 	0 	0 	7 	3 	0 	83 	0 	0 	2.1400 		 	0.6463
169 	1 	0 	0 	2 	0 	0 	0 	0 	5 	1 	0 	1 	84 	0 	1 	4 	4 	0 	0 	0 	2.1737 		 	0.6280
170 	0 	0 	1 	8 	0 	0 	1 	0 	0 	0 	0 	0 	0 	5 	0 	0 	0 	0 	0 	0 	1.9332 		 	0.0915
171 	0 	0 	0 	2 	0 	0 	0 	0 	0 	0 	0 	0 	0 	0 	0 	0 	6 	7 	0 	0 	2.0049 		 	0.0915
172 	7 	0 	0 	0 	0 	0 	1 	0 	0 	1 	0 	0 	0 	0 	1 	2 	0 	2 	0 	1 	1.3806 		 	0.0915
173 	0 	0 	0 	0 	0 	0 	0 	0 	0 	0 	0 	0 	0 	0 	0 	1 	0 	0 	0 	0 	2.9957 		 	0.0061
174 	0 	0 	0 	0 	0 	3 	0 	0 	2 	0 	0 	6 	0 	1 	0 	3 	0 	0 	0 	0 	1.5363 		 	0.0915
175 	0 	0 	0 	0 	0 	0 	0 	0 	0 	2 	0 	0 	0 	1 	0 	4 	0 	0 	1 	10 	1.7697 		 	0.1098
176 	0 	0 	0 	0 	0 	0 	1 	2 	0 	0 	0 	6 	3 	0 	0 	0 	1 	5 	0 	0 	1.4098 		 	0.1098
177 	3 	0 	0 	0 	0 	0 	0 	0 	0 	0 	0 	0 	0 	0 	0 	0 	5 	0 	0 	0 	2.3342 		 	0.0488
178 	4 	0 	0 	0 	0 	0 	0 	0 	0 	0 	0 	0 	0 	0 	0 	2 	2 	0 	0 	0 	1.9560 		 	0.0488
179 	1 	0 	29 	8 	0 	0 	0 	0 	0 	0 	0 	8 	0 	0 	0 	1 	5 	0 	0 	0 	1.7170 		 	0.3171
180 	3 	0 	1 	0 	0 	0 	0 	0 	0 	7 	1 	9 	0 	0 	0 	4 	0 	0 	0 	0 	1.4664 		 	0.1524
181 	0 	0 	0 	0 	0 	0 	0 	0 	0 	1 	0 	0 	0 	0 	1 	0 	0 	0 	106 	0 	2.8907 		 	0.6585
182 	1 	0 	0 	10 	0 	0 	0 	0 	2 	1 	0 	60 	10 	2 	1 	1 	10 	9 	0 	0 	1.4751 		 	0.6524
183 	20 	0 	1 	1 	0 	0 	0 	5 	0 	2 	9 	21 	0 	0 	18 	16 	10 	1 	3 	1 	0.8670 		 	0.6585
184 	0 	0 	0 	0 	6 	0 	0 	0 	0 	1 	0 	0 	0 	0 	0 	56 	9 	0 	0 	8 	2.0210 		 	0.4878
185 	0 	0 	0 	0 	0 	0 	0 	0 	8 	0 	0 	7 	0 	0 	2 	0 	0 	0 	63 	0 	2.2720 		 	0.4878
186 	4 	0 	7 	0 	0 	8 	0 	1 	0 	0 	7 	2 	1 	0 	0 	49 	1 	0 	0 	0 	1.6326 		 	0.4878
187 	0 	0 	0 	1 	0 	3 	11 	0 	0 	0 	0 	48 	0 	0 	0 	1 	7 	0 	0 	0 	1.9600 		 	0.4329
188 	0 	0 	1 	0 	0 	0 	0 	0 	0 	0 	0 	0 	0 	0 	0 	0 	0 	0 	0 	0 	2.9957 		 	0.0061
189 	0 	0 	0 	0 	0 	0 	0 	0 	0 	0 	0 	0 	0 	0 	0 	1 	0 	0 	0 	0 	2.9957 		 	0.0061
190 	0 	0 	0 	0 	0 	0 	0 	0 	0 	0 	0 	0 	0 	0 	0 	0 	1 	0 	0 	0 	2.9957 		 	0.0061
191 	0 	0 	0 	0 	0 	0 	0 	0 	1 	0 	0 	0 	0 	0 	0 	0 	0 	0 	0 	0 	2.9957 		 	0.0061
192 	0 	1 	0 	0 	0 	0 	0 	0 	0 	0 	0 	0 	0 	0 	0 	0 	0 	0 	0 	0 	2.9957 		 	0.0061
193 	0 	0 	0 	0 	0 	0 	0 	0 	0 	0 	0 	1 	0 	0 	0 	0 	0 	0 	0 	0 	2.9957 		 	0.0061
194 	0 	0 	0 	0 	0 	0 	1 	0 	0 	0 	0 	0 	0 	0 	0 	0 	0 	0 	0 	0 	2.9957 		 	0.0061
195 	0 	0 	0 	0 	0 	0 	0 	0 	0 	0 	0 	0 	0 	0 	0 	1 	0 	0 	0 	0 	2.9957 		 	0.0061
196 	0 	0 	1 	0 	0 	0 	0 	0 	0 	0 	0 	0 	0 	0 	0 	0 	0 	0 	0 	0 	2.9957 		 	0.0061
197 	1 	0 	0 	0 	0 	0 	0 	0 	0 	0 	0 	3 	0 	0 	1 	1 	0 	0 	0 	0 	1.7533 		 	0.0366
198 	4 	0 	9 	5 	0 	0 	0 	0 	41 	0 	0 	6 	0 	0 	6 	0 	4 	0 	0 	1 	1.4633 		 	0.4634
199 	0 	0 	0 	0 	0 	0 	0 	0 	0 	0 	0 	5 	0 	0 	0 	59 	11 	0 	0 	1 	2.2834 		 	0.4634
200 	0 	0 	1 	0 	1 	0 	0 	2 	0 	45 	2 	1 	0 	8 	2 	0 	1 	1 	1 	10 	1.5465 		 	0.4573
201 	1 	0 	20 	18 	0 	0 	0 	0 	1 	0 	0 	9 	0 	0 	1 	6 	18 	2 	0 	0 	1.2424 		 	0.4634
202 	0 	1 	14 	17 	0 	0 	0 	0 	2 	0 	1 	0 	24 	12 	0 	3 	3 	0 	0 	0 	1.2387 		 	0.4695
203 	0 	0 	17 	2 	1 	0 	0 	52 	1 	0 	0 	4 	0 	0 	0 	0 	0 	0 	0 	0 	2.0358 		 	0.4695
204 	0 	0 	0 	0 	0 	0 	0 	5 	0 	10 	0 	0 	0 	0 	0 	0 	0 	0 	77 	0 	2.4473 		 	0.5610
205 	0 	0 	18 	4 	0 	5 	29 	0 	9 	3 	0 	56 	0 	5 	0 	0 	1 	0 	0 	1 	1.3252 		 	0.7988
206 	0 	0 	0 	8 	0 	0 	3 	0 	1 	3 	0 	78 	0 	7 	0 	16 	25 	0 	0 	0 	1.6037 		 	0.8598
207 	0 	7 	3 	5 	0 	37 	0 	1 	1 	7 	61 	0 	0 	0 	0 	8 	11 	0 	0 	0 	1.3517 		 	0.8598
208 	3 	1 	0 	0 	0 	0 	0 	35 	0 	18 	0 	0 	0 	0 	0 	2 	86 	5 	0 	0 	1.8002 		 	0.9146
209 	0 	0 	0 	0 	0 	0 	0 	3 	0 	0 	0 	0 	0 	7 	0 	3 	6 	34 	97 	0 	1.9491 		 	0.9146
210 	0 	0 	0 	0 	0 	0 	0 	3 	1 	7 	41 	27 	0 	37 	34 	0 	0 	0 	0 	0 	1.3962 		 	0.9146
211 	0 	0 	45 	55 	0 	0 	7 	1 	4 	0 	0 	1 	0 	27 	0 	6 	3 	0 	0 	0 	1.4408 		 	0.9085
212 	0 	0 	0 	0 	0 	7 	9 	0 	12 	1 	0 	9 	0 	0 	0 	27 	0 	0 	85 	0 	1.6491 		 	0.9146
213 	0 	0 	21 	66 	0 	0 	0 	0 	0 	0 	1 	8 	0 	1 	0 	0 	0 	0 	0 	0 	2.1023 		 	0.5915
214 	0 	0 	1 	7 	0 	0 	1 	10 	22 	0 	0 	1 	0 	6 	47 	1 	9 	0 	0 	0 	1.3526 		 	0.6402
215 	0 	0 	0 	51 	0 	1 	1 	0 	9 	2 	0 	0 	0 	24 	5 	5 	6 	0 	0 	1 	1.4351 		 	0.6402
216 	0 	0 	0 	0 	0 	0 	0 	57 	0 	9 	0 	0 	0 	0 	0 	0 	2 	23 	8 	5 	1.7015 		 	0.6341
217 	1 	0 	37 	9 	0 	9 	3 	0 	0 	0 	0 	18 	0 	2 	13 	12 	0 	0 	0 	0 	1.1689 		 	0.6341
218 	1 	0 	10 	6 	10 	3 	0 	0 	1 	0 	0 	56 	0 	6 	0 	0 	0 	0 	0 	8 	1.4787 		 	0.6159
219 	0 	0 	0 	0 	0 	0 	6 	3 	0 	24 	0 	0 	0 	0 	0 	1 	0 	1 	15 	51 	1.6624 		 	0.6159
220 	0 	0 	5 	27 	0 	0 	0 	0 	0 	0 	0 	0 	0 	1 	0 	8 	45 	8 	0 	8 	1.4908 		 	0.6220
221 	17 	0 	6 	6 	0 	23 	3 	0 	2 	1 	0 	14 	0 	3 	0 	26 	1 	0 	0 	0 	1.0317 		 	0.6220
222 	0 	0 	0 	3 	1 	0 	1 	9 	10 	22 	0 	33 	0 	7 	0 	0 	9 	6 	0 	1 	1.0534 		 	0.6220
223 	0 	0 	0 	0 	0 	0 	0 	79 	0 	7 	8 	0 	0 	0 	0 	0 	7 	0 	0 	0 	2.2327 		 	0.6159
224 	0 	0 	0 	8 	4 	0 	7 	0 	6 	1 	0 	0 	0 	0 	1 	16 	16 	0 	1 	42 	1.2360 		 	0.6220
225 	6 	0 	17 	6 	0 	4 	0 	1 	6 	5 	1 	8 	0 	8 	9 	19 	9 	0 	0 	1 	0.6183 		 	0.6098
226 	0 	0 	0 	2 	1 	0 	0 	1 	0 	83 	1 	0 	0 	3 	0 	11 	0 	0 	0 	0 	2.2710 		 	0.6220
227 	0 	0 	0 	0 	3 	0 	0 	58 	1 	44 	26 	8 	0 	7 	2 	0 	0 	9 	0 	0 	1.3599 		 	0.9634
228 	24 	0 	1 	72 	0 	4 	0 	7 	11 	0 	0 	2 	1 	21 	8 	8 	0 	2 	0 	2 	1.1603 		 	0.9939
229 	2 	0 	7 	63 	0 	0 	0 	7 	39 	7 	1 	5 	0 	15 	9 	1 	1 	6 	0 	0 	1.1249 		 	0.9939
230 	41 	0 	0 	0 	7 	0 	0 	8 	0 	3 	0 	0 	0 	0 	0 	43 	0 	0 	3 	5 	1.5578 		 	0.6707
231 	7 	0 	0 	0 	0 	0 	0 	1 	0 	9 	0 	0 	0 	73 	3 	1 	3 	0 	0 	13 	1.8092 		 	0.6707
232 	1 	0 	2 	17 	0 	1 	0 	24 	0 	2 	0 	35 	0 	0 	0 	1 	11 	1 	0 	0 	1.3684 		 	0.5793
233 	2 	0 	0 	1 	0 	0 	0 	10 	0 	59 	3 	0 	0 	0 	2 	1 	0 	0 	0 	0 	2.0963 		 	0.4756
234 	0 	0 	0 	0 	0 	0 	0 	0 	0 	0 	0 	0 	0 	0 	0 	1 	0 	0 	0 	0 	2.9957 		 	0.0061
235 	0 	0 	1 	0 	0 	0 	0 	0 	0 	0 	0 	0 	0 	0 	0 	0 	0 	0 	0 	0 	2.9957 		 	0.0061
236 	0 	0 	0 	0 	1 	0 	0 	0 	0 	0 	0 	0 	0 	0 	0 	0 	0 	0 	0 	0 	2.9957 		 	0.0061
237 	0 	0 	0 	0 	0 	0 	0 	0 	0 	1 	0 	0 	0 	0 	0 	0 	0 	0 	0 	0 	2.9957 		 	0.0061
238 	0 	0 	0 	0 	0 	0 	0 	1 	0 	0 	0 	0 	0 	0 	0 	0 	0 	0 	0 	0 	2.9957 		 	0.0061
239 	0 	0 	0 	0 	0 	0 	0 	0 	0 	0 	0 	0 	0 	0 	0 	1 	0 	0 	0 	0 	2.9957 		 	0.0061
240 	0 	0 	0 	1 	0 	0 	0 	0 	0 	0 	0 	0 	0 	0 	0 	0 	0 	0 	0 	0 	2.9957 		 	0.0061
241 	0 	0 	0 	0 	0 	0 	0 	0 	0 	0 	1 	0 	0 	0 	0 	0 	0 	0 	0 	0 	2.9957 		 	0.0061
242 	0 	0 	0 	0 	0 	7 	0 	11 	5 	2 	1 	0 	0 	23 	24 	1 	2 	2 	0 	0 	1.2107 		 	0.4756
243 	0 	0 	9 	44 	0 	1 	0 	5 	1 	1 	7 	0 	0 	0 	0 	3 	10 	5 	0 	0 	1.3590 		 	0.5244
244 	0 	0 	16 	1 	0 	0 	7 	1 	3 	7 	0 	1 	5 	3 	34 	1 	7 	0 	0 	0 	1.0967 		 	0.5244
245 	0 	0 	1 	1 	1 	1 	0 	11 	0 	43 	4 	0 	9 	7 	0 	0 	0 	3 	0 	0 	1.4451 		 	0.4939
246 	7 	0 	2 	13 	0 	0 	8 	1 	8 	1 	0 	12 	16 	0 	0 	8 	4 	0 	0 	1 	0.7986 		 	0.4939
247 	1 	0 	0 	3 	0 	8 	0 	0 	12 	16 	0 	0 	0 	37 	2 	2 	0 	0 	0 	0 	1.4468 		 	0.4939
248 	8 	0 	2 	11 	0 	0 	0 	3 	4 	0 	0 	8 	0 	79 	40 	7 	1 	0 	0 	0 	1.4372 		 	0.9939
249 	0 	0 	5 	5 	0 	3 	7 	0 	5 	0 	0 	13 	0 	107 	15 	0 	3 	0 	0 	0 	1.6953 		 	0.9939
250 	6 	0 	2 	70 	1 	1 	0 	3 	23 	2 	0 	10 	0 	8 	19 	2 	0 	11 	0 	0 	1.1591 		 	0.9634
251 	0 	0 	0 	0 	0 	3 	0 	2 	66 	0 	0 	10 	0 	9 	9 	0 	3 	0 	0 	0 	1.7734 		 	0.6220
252 	0 	0 	0 	0 	0 	6 	0 	0 	1 	10 	0 	77 	0 	0 	7 	0 	0 	1 	0 	0 	2.1146 		 	0.6220
253 	8 	0 	0 	50 	0 	0 	0 	0 	7 	4 	18 	0 	0 	1 	1 	0 	2 	1 	0 	0 	1.5698 		 	0.5610
254 	0 	0 	4 	0 	0 	0 	0 	0 	18 	2 	0 	0 	0 	44 	2 	0 	2 	0 	0 	20 	1.6060 		 	0.5610
255 	5 	0 	14 	53 	0 	7 	0 	0 	2 	1 	0 	0 	0 	0 	0 	10 	0 	0 	0 	0 	1.6637 		 	0.5610
256 	0 	0 	0 	0 	0 	0 	0 	2 	0 	78 	8 	0 	0 	0 	0 	0 	0 	0 	0 	4 	2.4238 		 	0.5610
257 	0 	0 	0 	0 	0 	0 	0 	8 	0 	53 	0 	0 	0 	31 	0 	0 	0 	0 	0 	0 	2.0991 		 	0.5610
258 	19 	0 	7 	39 	0 	1 	0 	7 	26 	24 	0 	0 	0 	10 	0 	0 	9 	16 	0 	0 	0.9345 		 	0.9634
259 	2 	0 	0 	0 	32 	0 	1 	6 	0 	95 	0 	0 	9 	0 	1 	10 	2 	0 	0 	0 	1.7296 		 	0.9634
260 	2 	0 	70 	19 	0 	1 	0 	4 	0 	1 	0 	27 	0 	9 	0 	3 	17 	3 	0 	2 	1.2570 		 	0.9634
261 	5 	0 	20 	5 	0 	9 	0 	1 	51 	0 	0 	3 	3 	5 	0 	43 	9 	4 	0 	0 	1.0850 		 	0.9634
262 	0 	1 	0 	0 	2 	8 	0 	3 	0 	5 	0 	9 	8 	11 	0 	5 	1 	0 	105 	0 	1.6601 		 	0.9634
263 	43 	0 	32 	3 	0 	0 	0 	0 	5 	0 	0 	0 	0 	1 	1 	9 	3 	1 	0 	0 	1.5439 		 	0.5976
264 	5 	0 	3 	0 	0 	5 	1 	5 	0 	0 	0 	10 	0 	0 	0 	54 	0 	14 	0 	1 	1.5007 		 	0.5976
265 	0 	0 	0 	0 	22 	0 	0 	13 	0 	61 	0 	0 	0 	0 	0 	0 	0 	0 	1 	0 	2.0510 		 	0.5915
266 	12 	0 	0 	0 	0 	0 	0 	0 	0 	0 	0 	0 	0 	0 	0 	0 	0 	1 	0 	0 	2.7245 		 	0.0793
267 	0 	0 	1 	6 	0 	3 	0 	0 	0 	2 	0 	0 	7 	45 	0 	0 	0 	0 	0 	0 	1.9674 		 	0.3902
268 	0 	0 	0 	0 	0 	0 	0 	0 	0 	2 	0 	0 	0 	0 	0 	0 	0 	0 	0 	0 	2.9957 		 	0.0122
269 	0 	0 	0 	0 	0 	0 	0 	0 	2 	0 	0 	0 	0 	5 	0 	1 	0 	0 	0 	0 	2.0955 		 	0.0488
270 	0 	0 	1 	6 	0 	0 	0 	0 	0 	0 	0 	0 	0 	0 	0 	1 	0 	0 	0 	0 	2.2601 		 	0.0488
271 	5 	0 	0 	0 	0 	0 	0 	1 	0 	0 	0 	0 	0 	0 	0 	1 	0 	2 	0 	0 	1.8467 		 	0.0549
272 	0 	1 	7 	0 	22 	23 	0 	4 	0 	3 	0 	2 	0 	0 	0 	7 	0 	1 	7 	0 	1.1352 		 	0.4695
273 	0 	0 	4 	0 	4 	18 	0 	0 	0 	1 	0 	4 	7 	0 	0 	0 	1 	0 	42 	5 	1.4171 		 	0.5244
274 	3 	0 	0 	0 	23 	0 	0 	0 	8 	17 	1 	0 	0 	0 	0 	0 	1 	6 	17 	2 	1.2097 		 	0.4756
275 	1 	0 	8 	26 	0 	22 	0 	0 	0 	0 	0 	24 	0 	1 	4 	11 	9 	0 	57 	0 	1.1399 		 	0.9939
276 	0 	0 	1 	0 	0 	40 	0 	0 	0 	8 	0 	69 	0 	0 	2 	15 	5 	0 	16 	0 	1.4764 		 	0.9512
277 	0 	0 	16 	0 	2 	0 	0 	1 	0 	24 	0 	0 	0 	0 	0 	0 	0 	4 	116 	0 	2.0675 		 	0.9939
278 	0 	0 	0 	0 	109 	0 	4 	6 	4 	20 	0 	6 	0 	3 	0 	9 	0 	1 	0 	1 	1.7482 		 	0.9939
279 	3 	0 	48 	0 	1 	37 	8 	1 	0 	0 	0 	40 	0 	0 	0 	20 	1 	4 	0 	0 	1.2907 		 	0.9939
280 	0 	0 	0 	0 	0 	0 	0 	2 	1 	3 	0 	0 	0 	0 	0 	0 	0 	2 	0 	0 	1.6748 		 	0.0488
281 	0 	0 	0 	0 	0 	3 	0 	0 	2 	0 	0 	13 	0 	0 	0 	0 	0 	0 	0 	0 	2.2179 		 	0.1098
282 	0 	0 	0 	0 	10 	2 	0 	74 	11 	39 	0 	1 	3 	0 	12 	0 	0 	1 	0 	0 	1.5292 		 	0.9329
283 	3 	0 	0 	0 	0 	16 	0 	0 	0 	11 	0 	0 	7 	0 	0 	49 	66 	0 	0 	0 	1.6223 		 	0.9268
284 	7 	0 	3 	3 	0 	0 	6 	0 	18 	0 	0 	36 	34 	21 	2 	20 	1 	0 	1 	0 	0.9793 		 	0.9268
285 	0 	0 	0 	0 	0 	0 	0 	0 	1 	5 	0 	0 	0 	0 	0 	0 	1 	0 	140 	15 	2.4791 		 	0.9878
286 	13 	0 	0 	0 	24 	0 	0 	23 	0 	74 	2 	0 	0 	0 	0 	0 	3 	15 	0 	0 	1.5012 		 	0.9390
287 	2 	0 	0 	2 	0 	1 	0 	1 	30 	0 	0 	3 	8 	5 	19 	2 	26 	3 	52 	0 	1.0990 		 	0.9390
288 	0 	0 	0 	16 	0 	15 	3 	4 	0 	0 	0 	1 	0 	0 	0 	4 	26 	0 	1 	83 	1.5656 		 	0.9329
289 	14 	0 	0 	0 	3 	0 	0 	78 	0 	50 	0 	0 	0 	0 	0 	0 	7 	2 	0 	0 	1.7943 		 	0.9390
290 	1 	0 	0 	1 	1 	13 	1 	34 	48 	27 	0 	0 	7 	16 	10 	0 	0 	3 	0 	0 	1.0708 		 	0.9878
291 	8 	0 	0 	0 	3 	7 	9 	51 	3 	16 	3 	0 	0 	11 	0 	26 	0 	1 	6 	18 	0.8629 		 	0.9878
292 	6 	0 	0 	0 	46 	32 	1 	12 	0 	5 	0 	0 	8 	0 	0 	24 	27 	0 	0 	0 	1.1288 		 	0.9817
293 	0 	0 	0 	0 	6 	12 	0 	95 	0 	15 	0 	0 	0 	0 	0 	2 	4 	25 	0 	0 	1.7080 		 	0.9695
294 	2 	0 	0 	0 	1 	0 	4 	23 	2 	32 	73 	0 	0 	0 	0 	0 	0 	8 	0 	14 	1.4370 		 	0.9695
295 	2 	1 	1 	0 	0 	49 	0 	61 	8 	4 	0 	0 	0 	0 	1 	7 	9 	16 	0 	0 	1.3406 		 	0.9695
296 	3 	0 	0 	0 	0 	3 	0 	25 	1 	18 	0 	0 	34 	0 	1 	0 	2 	65 	1 	8 	1.3202 		 	0.9817
297 	6 	0 	0 	0 	0 	47 	0 	14 	0 	6 	0 	0 	1 	0 	0 	0 	0 	24 	0 	0 	1.6320 		 	0.5976
298 	4 	0 	0 	0 	0 	77 	0 	1 	0 	1 	0 	0 	0 	0 	0 	1 	1 	8 	0 	0 	2.2981 		 	0.5671
299 	2 	2 	0 	0 	0 	0 	1 	18 	2 	51 	8 	0 	0 	1 	0 	0 	0 	11 	1 	1 	1.4691 		 	0.5976
300 	0 	0 	0 	0 	16 	7 	4 	55 	0 	45 	2 	0 	0 	1 	1 	0 	0 	30 	0 	0 	1.3842 		 	0.9817
301 	15 	5 	0 	0 	4 	59 	1 	19 	0 	42 	1 	0 	5 	0 	0 	0 	0 	10 	0 	0 	1.2608 		 	0.9817
302 	1 	4 	0 	0 	7 	9 	0 	23 	0 	100 	0 	0 	0 	0 	0 	0 	1 	12 	0 	4 	1.6841 		 	0.9817
303 	7 	0 	0 	5 	2 	0 	0 	15 	3 	40 	1 	0 	0 	0 	82 	0 	0 	3 	0 	0 	1.5988 		 	0.9634
304 	2 	0 	0 	0 	1 	1 	0 	79 	0 	61 	1 	0 	0 	0 	0 	0 	0 	8 	0 	8 	1.8311 		 	0.9817
305 	6 	0 	0 	1 	6 	0 	0 	20 	0 	74 	1 	0 	0 	0 	0 	0 	0 	53 	0 	0 	1.7053 		 	0.9817
306 	1 	0 	0 	0 	47 	0 	0 	44 	0 	34 	9 	5 	0 	1 	0 	3 	0 	13 	1 	3 	1.2380 		 	0.9817
307 	34 	9 	0 	0 	2 	1 	0 	21 	4 	51 	0 	0 	0 	1 	0 	2 	13 	4 	0 	19 	1.0651 		 	0.9817
308 	0 	0 	0 	5 	7 	0 	0 	17 	0 	39 	6 	0 	1 	0 	0 	3 	14 	69 	0 	0 	1.3669 		 	0.9817
309 	6 	17 	0 	0 	28 	0 	0 	12 	0 	62 	3 	0 	0 	0 	0 	8 	0 	20 	2 	3 	1.1593 		 	0.9817
310 	10 	0 	0 	0 	3 	45 	0 	0 	0 	10 	0 	4 	1 	21 	1 	59 	6 	1 	0 	0 	1.2774 		 	0.9817
311 	0 	0 	1 	2 	0 	0 	1 	0 	0 	0 	5 	0 	73 	0 	0 	1 	1 	0 	0 	1 	2.3488 		 	0.5183
312 	0 	53 	0 	1 	0 	0 	0 	5 	8 	4 	0 	2 	0 	0 	1 	0 	10 	0 	2 	0 	1.6397 		 	0.5244
313 	1 	4 	0 	0 	0 	0 	0 	86 	1 	34 	16 	0 	0 	2 	0 	0 	1 	16 	0 	0 	1.6325 		 	0.9817
314 	0 	0 	0 	0 	8 	0 	0 	20 	0 	62 	1 	0 	0 	0 	1 	0 	0 	54 	0 	5 	1.6598 		 	0.9207
315 	14 	0 	7 	1 	0 	1 	0 	0 	13 	5 	0 	75 	0 	12 	20 	11 	0 	1 	0 	0 	1.2448 		 	0.9756
316 	14 	17 	0 	0 	2 	0 	6 	3 	9 	0 	0 	3 	0 	10 	93 	0 	2 	1 	0 	0 	1.4803 		 	0.9756
317 	0 	0 	0 	0 	2 	0 	0 	13 	0 	79 	1 	0 	0 	1 	0 	1 	0 	56 	0 	7 	1.7890 		 	0.9756
318 	3 	1 	0 	4 	0 	0 	0 	2 	5 	1 	2 	0 	0 	4 	91 	2 	12 	25 	8 	0 	1.4456 		 	0.9756
319 	5 	0 	3 	2 	0 	1 	6 	0 	26 	0 	0 	7 	0 	91 	2 	9 	6 	0 	0 	0 	1.5041 		 	0.9634
320 	0 	12 	0 	0 	31 	75 	0 	2 	0 	12 	0 	1 	0 	0 	7 	5 	0 	13 	0 	0 	1.3907 		 	0.9634
321 	0 	0 	0 	0 	0 	0 	1 	23 	4 	10 	0 	0 	9 	0 	2 	2 	11 	22 	0 	74 	1.3263 		 	0.9634
322 	0 	0 	4 	1 	0 	0 	5 	0 	27 	6 	0 	5 	0 	7 	28 	71 	3 	1 	0 	0 	1.3144 		 	0.9634
323 	0 	0 	29 	2 	0 	8 	2 	5 	17 	0 	0 	0 	77 	9 	9 	0 	0 	0 	0 	0 	1.3970 		 	0.9634
324 	8 	0 	5 	0 	0 	0 	0 	4 	3 	65 	3 	1 	0 	5 	32 	0 	2 	32 	0 	0 	1.2918 		 	0.9756
325 	0 	0 	0 	0 	21 	8 	0 	31 	0 	17 	1 	0 	0 	6 	6 	53 	0 	1 	0 	14 	1.1234 		 	0.9634
326 	0 	0 	2 	2 	38 	7 	2 	1 	0 	12 	0 	5 	0 	6 	7 	58 	5 	4 	0 	6 	1.0368 		 	0.9451
327 	5 	0 	3 	0 	0 	1 	1 	6 	0 	1 	0 	1 	0 	12 	6 	31 	0 	24 	0 	7 	1.0537 		 	0.5976
328 	7 	5 	1 	0 	0 	8 	1 	6 	0 	6 	0 	0 	18 	0 	0 	6 	7 	33 	0 	0 	0.9780 		 	0.5976
329 	0 	1 	4 	1 	0 	1 	1 	2 	3 	1 	0 	5 	33 	30 	1 	7 	7 	7 	0 	0 	1.0106 		 	0.6341
330 	4 	0 	0 	0 	0 	8 	0 	7 	0 	0 	0 	0 	0 	1 	0 	7 	0 	0 	0 	0 	1.5304 		 	0.1646
331 	0 	0 	0 	0 	0 	0 	0 	0 	0 	0 	0 	0 	0 	1 	0 	0 	0 	0 	0 	19 	2.7972 		 	0.1220
332 	0 	0 	0 	0 	5 	0 	0 	5 	0 	3 	0 	0 	0 	0 	0 	1 	3 	2 	0 	0 	1.3183 		 	0.1159
333 	0 	0 	0 	0 	0 	0 	0 	0 	0 	0 	0 	0 	4 	18 	0 	0 	0 	0 	0 	0 	2.5216 		 	0.1341
334 	37 	0 	0 	1 	0 	1 	13 	3 	0 	0 	0 	2 	2 	70 	8 	2 	2 	12 	0 	0 	1.3616 		 	0.9329
335 	0 	0 	0 	1 	7 	0 	0 	23 	5 	29 	8 	1 	1 	1 	0 	0 	52 	10 	0 	19 	1.0765 		 	0.9573
336 	0 	0 	0 	3 	0 	0 	31 	5 	1 	40 	3 	0 	27 	2 	9 	9 	0 	4 	0 	0 	1.1137 		 	0.8171
337 	0 	0 	1 	23 	1 	0 	0 	37 	8 	38 	0 	1 	1 	0 	0 	0 	11 	2 	0 	1 	1.3073 		 	0.7561
338 	5 	0 	1 	2 	0 	0 	17 	23 	12 	7 	0 	0 	47 	6 	3 	0 	2 	8 	0 	0 	1.0090 		 	0.8110
339 	14 	0 	4 	3 	0 	2 	5 	2 	23 	0 	0 	18 	8 	8 	2 	13 	14 	4 	0 	0 	0.6353 		 	0.7317
340 	3 	0 	18 	3 	11 	4 	1 	0 	3 	4 	0 	0 	42 	9 	4 	4 	1 	6 	2 	2 	0.8041 		 	0.7134
341 	0 	0 	0 	0 	0 	1 	0 	0 	0 	0 	0 	0 	0 	0 	0 	0 	0 	0 	0 	0 	2.9957 		 	0.0061
342 	4 	0 	3 	5 	0 	2 	0 	0 	3 	0 	0 	0 	5 	5 	50 	0 	3 	0 	2 	0 	1.4908 		 	0.5000
343 	4 	0 	1 	17 	0 	48 	0 	0 	1 	5 	0 	0 	0 	0 	3 	0 	0 	2 	0 	0 	1.7156 		 	0.4939
344 	7 	0 	2 	5 	0 	4 	0 	0 	0 	5 	0 	0 	41 	15 	4 	0 	0 	0 	0 	0 	1.4091 		 	0.5061
345 	0 	0 	1 	5 	0 	3 	0 	0 	0 	0 	0 	0 	28 	0 	0 	0 	0 	0 	0 	0 	2.2131 		 	0.2256
346 	10 	0 	54 	3 	0 	2 	0 	0 	0 	0 	0 	0 	0 	0 	0 	0 	7 	0 	0 	0 	2.0431 		 	0.4634
347 	0 	0 	0 	1 	0 	0 	0 	0 	3 	0 	0 	12 	0 	2 	55 	1 	2 	0 	0 	0 	2.0372 		 	0.4634
348 	0 	0 	0 	0 	0 	0 	0 	0 	0 	4 	0 	0 	49 	0 	0 	0 	0 	0 	0 	0 	2.7282 		 	0.3232
349 	3 	0 	3 	56 	0 	13 	0 	0 	0 	0 	0 	0 	0 	0 	1 	0 	0 	0 	0 	0 	2.1565 		 	0.4634
350 	0 	0 	2 	20 	0 	50 	0 	0 	6 	0 	0 	0 	0 	0 	4 	1 	0 	0 	0 	0 	1.8684 		 	0.5061
351 	0 	0 	0 	5 	0 	2 	1 	40 	4 	0 	0 	2 	0 	5 	0 	1 	23 	0 	0 	0 	1.5177 		 	0.5061
352 	1 	0 	2 	64 	0 	2 	0 	0 	5 	0 	0 	0 	4 	3 	2 	0 	0 	0 	0 	0 	2.0373 		 	0.5061
353 	1 	0 	4 	60 	0 	12 	0 	0 	0 	0 	0 	0 	0 	0 	4 	2 	0 	0 	0 	0 	2.0462 		 	0.5061
354 	0 	5 	16 	39 	2 	19 	6 	0 	3 	0 	0 	5 	0 	0 	2 	0 	0 	0 	0 	2 	1.2035 		 	0.6037
355 	3 	0 	2 	0 	0 	77 	8 	0 	0 	0 	0 	0 	0 	0 	1 	1 	0 	7 	0 	0 	2.1320 		 	0.6037
356 	0 	0 	8 	7 	0 	75 	0 	0 	8 	1 	0 	6 	0 	0 	1 	0 	1 	0 	0 	0 	1.8879 		 	0.6524
357 	1 	0 	6 	53 	0 	14 	8 	0 	0 	0 	0 	6 	2 	0 	1 	6 	0 	0 	0 	0 	1.4895 		 	0.5915
358 	1 	0 	5 	2 	0 	4 	0 	0 	1 	5 	0 	5 	2 	18 	31 	6 	9 	0 	0 	0 	0.9955 		 	0.5427
359 	0 	0 	41 	4 	0 	27 	0 	1 	0 	0 	0 	4 	0 	0 	1 	7 	1 	2 	0 	0 	1.5564 		 	0.5366
360 	9 	0 	1 	3 	0 	25 	0 	0 	7 	1 	0 	3 	0 	0 	44 	1 	3 	0 	0 	0 	1.4134 		 	0.5915
361 	0 	5 	44 	0 	1 	4 	1 	2 	0 	0 	0 	7 	2 	0 	0 	22 	2 	2 	0 	4 	1.2732 		 	0.5854
362 	4 	0 	8 	1 	0 	2 	0 	0 	4 	1 	0 	2 	1 	0 	66 	6 	1 	0 	0 	1 	1.6970 		 	0.5915
363 	0 	6 	2 	8 	0 	0 	0 	0 	0 	4 	0 	2 	0 	0 	0 	69 	0 	0 	4 	2 	1.8725 		 	0.5915
364 	0 	0 	8 	4 	0 	11 	0 	21 	0 	1 	1 	0 	5 	0 	0 	2 	6 	14 	17 	0 	0.9158 		 	0.5488
365 	1 	0 	0 	0 	0 	2 	1 	0 	1 	0 	0 	2 	26 	2 	41 	1 	8 	5 	0 	0 	1.4494 		 	0.5488
366 	1 	0 	0 	0 	0 	0 	0 	0 	0 	56 	0 	0 	0 	0 	0 	4 	2 	0 	32 	1 	2.0070 		 	0.5854
367 	4 	0 	8 	6 	0 	0 	0 	0 	2 	2 	0 	0 	12 	12 	0 	1 	1 	47 	0 	0 	1.3503 		 	0.5793
368 	2 	0 	7 	22 	0 	0 	8 	17 	3 	2 	0 	27 	4 	10 	2 	11 	7 	0 	0 	0 	0.7445 		 	0.7439
369 	16 	0 	2 	21 	0 	51 	0 	4 	4 	1 	0 	3 	8 	0 	1 	7 	3 	1 	0 	0 	1.1273 		 	0.7439
370 	0 	1 	0 	1 	39 	0 	0 	1 	2 	6 	0 	0 	0 	1 	4 	10 	0 	4 	0 	18 	1.3018 		 	0.5305
371 	0 	0 	0 	0 	0 	0 	0 	0 	4 	0 	0 	0 	0 	0 	0 	0 	1 	0 	0 	0 	2.4953 		 	0.0305
372 	3 	0 	1 	3 	0 	0 	1 	0 	7 	0 	1 	2 	0 	12 	0 	6 	3 	0 	0 	0 	1.0108 		 	0.2378
373 	0 	0 	0 	1 	0 	0 	8 	0 	0 	1 	0 	0 	18 	0 	0 	0 	0 	2 	0 	0 	1.9295 		 	0.1829
374 	3 	0 	7 	0 	2 	0 	0 	0 	0 	0 	0 	7 	1 	5 	0 	2 	0 	0 	0 	3 	1.0830 		 	0.1829
375 	3 	0 	0 	0 	0 	0 	0 	9 	0 	1 	6 	0 	0 	0 	0 	7 	0 	4 	0 	0 	1.3608 		 	0.1829
376 	0 	0 	7 	11 	0 	0 	8 	0 	0 	0 	0 	0 	0 	4 	0 	0 	0 	0 	0 	0 	1.6672 		 	0.1829
377 	0 	0 	0 	0 	0 	0 	0 	1 	0 	24 	3 	0 	0 	0 	0 	0 	0 	4 	0 	9 	1.8404 		 	0.2500
378 	8 	0 	0 	1 	0 	0 	0 	0 	1 	0 	0 	2 	0 	7 	8 	2 	0 	3 	0 	0 	1.1850 		 	0.1951
379 	8 	0 	0 	0 	0 	8 	0 	0 	2 	0 	0 	0 	4 	0 	0 	0 	0 	0 	0 	0 	1.7321 		 	0.1341
380 	0 	0 	0 	0 	0 	0 	0 	0 	0 	13 	1 	0 	0 	0 	0 	0 	0 	8 	0 	0 	2.1765 		 	0.1341
381 	0 	0 	0 	0 	0 	0 	0 	0 	5 	0 	0 	0 	0 	0 	0 	0 	8 	0 	0 	0 	2.3295 		 	0.0793
382 	0 	0 	0 	0 	0 	8 	0 	0 	0 	0 	0 	0 	0 	0 	0 	0 	0 	0 	0 	0 	2.9957 		 	0.0488
383 	0 	0 	0 	0 	0 	8 	0 	0 	0 	0 	0 	0 	0 	0 	0 	0 	0 	0 	0 	0 	2.9957 		 	0.0488
384 	0 	0 	0 	0 	0 	0 	0 	0 	0 	0 	0 	0 	0 	0 	0 	8 	0 	0 	0 	0 	2.9957 		 	0.0488
385 	0 	0 	0 	0 	0 	8 	0 	0 	0 	0 	0 	0 	0 	0 	0 	0 	0 	0 	0 	0 	2.9957 		 	0.0488
386 	0 	0 	7 	0 	0 	0 	0 	0 	0 	7 	0 	1 	0 	2 	0 	0 	0 	0 	0 	0 	1.8466 		 	0.1037
387 	0 	0 	0 	3 	0 	1 	0 	0 	9 	0 	0 	0 	7 	0 	0 	0 	0 	0 	0 	0 	1.8346 		 	0.1220
388 	1 	0 	0 	0 	0 	1 	0 	0 	0 	3 	0 	0 	0 	0 	0 	7 	0 	0 	0 	8 	1.6776 		 	0.1220
389 	8 	3 	0 	0 	0 	0 	0 	0 	0 	0 	0 	0 	3 	0 	0 	0 	0 	0 	0 	6 	1.6989 		 	0.1220
390 	0 	0 	0 	0 	0 	0 	0 	0 	8 	0 	0 	5 	7 	5 	4 	1 	3 	0 	0 	0 	1.1717 		 	0.2012
391 	0 	0 	0 	7 	0 	5 	1 	1 	0 	0 	0 	0 	1 	11 	0 	0 	0 	7 	0 	0 	1.3679 		 	0.2012
392 	1 	0 	0 	0 	0 	0 	1 	7 	9 	0 	0 	0 	0 	3 	0 	8 	0 	0 	0 	0 	1.4673 		 	0.1768
393 	0 	0 	0 	0 	0 	0 	0 	0 	0 	0 	0 	0 	0 	0 	0 	0 	0 	1 	0 	28 	2.8457 		 	0.1768
394 	1 	0 	0 	0 	2 	1 	4 	16 	1 	48 	0 	0 	0 	2 	0 	22 	3 	1 	0 	0 	1.4479 		 	0.6159
395 	1 	0 	0 	0 	0 	0 	7 	0 	0 	0 	0 	0 	0 	4 	8 	0 	3 	5 	0 	0 	1.3473 		 	0.1707
396 	1 	0 	0 	0 	0 	0 	0 	0 	0 	17 	0 	8 	1 	0 	0 	0 	1 	0 	0 	0 	1.9778 		 	0.1707
397 	3 	0 	9 	1 	0 	0 	0 	0 	3 	0 	0 	0 	1 	0 	0 	10 	1 	0 	0 	0 	1.4275 		 	0.1707
398 	0 	0 	0 	0 	0 	1 	0 	0 	0 	0 	0 	2 	7 	0 	6 	9 	1 	0 	9 	0 	1.3063 		 	0.2134
399 	0 	0 	0 	3 	0 	0 	0 	4 	1 	0 	0 	8 	0 	0 	3 	2 	11 	3 	0 	0 	1.1499 		 	0.2134
400 	0 	0 	0 	0 	0 	8 	0 	0 	1 	0 	0 	0 	0 	0 	0 	0 	4 	0 	0 	0 	2.1370 		 	0.0793
401 	0 	0 	11 	8 	0 	0 	0 	0 	7 	0 	0 	0 	0 	0 	0 	0 	0 	0 	0 	0 	1.9159 		 	0.1585
402 	0 	5 	0 	0 	0 	0 	0 	0 	0 	1 	0 	1 	10 	0 	0 	8 	0 	0 	0 	0 	1.6852 		 	0.1524
403 	0 	0 	7 	12 	0 	3 	0 	0 	0 	1 	0 	0 	0 	2 	0 	2 	0 	1 	0 	0 	1.4317 		 	0.1707
404 	0 	0 	0 	11 	0 	1 	0 	5 	0 	0 	0 	0 	0 	1 	0 	6 	0 	0 	0 	9 	1.4674 		 	0.2012
405 	0 	0 	0 	0 	0 	1 	4 	7 	5 	0 	0 	1 	8 	0 	6 	1 	0 	3 	0 	8 	0.9054 		 	0.2683
406 	3 	0 	0 	4 	0 	0 	0 	0 	1 	0 	0 	25 	2 	0 	7 	1 	0 	2 	0 	0 	1.5381 		 	0.2744
407 	0 	0 	1 	0 	0 	7 	0 	1 	0 	8 	0 	0 	0 	0 	9 	10 	2 	0 	2 	5 	1.0530 		 	0.2744
408 	1 	2 	0 	0 	5 	1 	0 	0 	1 	0 	1 	0 	0 	0 	26 	0 	0 	7 	1 	0 	1.5839 		 	0.2744
409 	42 	1 	0 	3 	0 	0 	16 	6 	1 	1 	1 	0 	27 	12 	0 	1 	1 	1 	0 	1 	1.1911 		 	0.6951
410 	0 	0 	0 	0 	0 	0 	0 	0 	0 	0 	0 	0 	0 	0 	0 	4 	0 	1 	0 	0 	2.4953 		 	0.0305
411 	0 	0 	0 	0 	0 	0 	0 	3 	0 	0 	0 	0 	0 	0 	0 	0 	0 	2 	0 	0 	2.3227 		 	0.0305
412 	0 	14 	0 	0 	18 	0 	0 	7 	10 	44 	0 	1 	0 	7 	2 	1 	1 	6 	0 	0 	1.1500 		 	0.6768
413 	14 	0 	1 	0 	7 	6 	0 	31 	0 	22 	0 	0 	8 	0 	0 	8 	6 	7 	0 	0 	0.9627 		 	0.6707
414 	0 	0 	0 	0 	0 	0 	0 	18 	1 	2 	6 	1 	0 	0 	0 	0 	2 	5 	66 	2 	1.7736 		 	0.6280
415 	1 	0 	34 	6 	0 	0 	3 	0 	0 	0 	0 	7 	0 	0 	23 	3 	3 	16 	0 	0 	1.2505 		 	0.5854
416 	5 	1 	52 	5 	0 	0 	0 	0 	8 	5 	0 	0 	0 	13 	3 	1 	1 	0 	2 	0 	1.3925 		 	0.5854
417 	2 	1 	0 	2 	2 	1 	0 	0 	0 	68 	0 	0 	0 	0 	0 	9 	10 	0 	0 	0 	1.9564 		 	0.5793
418 	0 	0 	0 	0 	0 	0 	1 	22 	0 	1 	0 	0 	0 	0 	53 	1 	6 	3 	8 	1 	1.6513 		 	0.5854
419 	0 	0 	2 	11 	0 	0 	0 	1 	2 	0 	0 	20 	0 	2 	17 	33 	3 	0 	4 	0 	1.2086 		 	0.5793
420 	11 	5 	1 	0 	0 	0 	0 	3 	0 	70 	0 	1 	0 	0 	0 	2 	2 	0 	0 	0 	1.9986 		 	0.5793
421 	0 	40 	0 	0 	15 	1 	0 	2 	0 	24 	0 	1 	0 	0 	1 	2 	0 	0 	8 	1 	1.4298 		 	0.5793
422 	0 	0 	1 	0 	0 	12 	0 	9 	5 	44 	0 	1 	0 	2 	2 	2 	15 	1 	0 	0 	1.3133 		 	0.5732
423 	0 	0 	0 	8 	47 	6 	0 	1 	1 	2 	0 	3 	0 	0 	3 	0 	5 	2 	16 	0 	1.3260 		 	0.5732
424 	0 	2 	2 	3 	0 	0 	0 	1 	0 	26 	0 	1 	0 	0 	0 	57 	2 	0 	0 	0 	1.8846 		 	0.5732
425 	0 	0 	0 	0 	12 	0 	0 	0 	0 	1 	0 	0 	7 	0 	0 	0 	1 	0 	0 	74 	2.2518 		 	0.5793
426 	1 	0 	0 	0 	0 	0 	43 	8 	4 	0 	0 	11 	0 	2 	9 	10 	0 	0 	7 	0 	1.2639 		 	0.5793
427 	0 	1 	0 	0 	1 	4 	5 	7 	5 	4 	0 	4 	0 	1 	44 	22 	3 	1 	0 	0 	1.1566 		 	0.6220
428 	0 	0 	0 	0 	0 	0 	0 	0 	0 	0 	0 	0 	5 	0 	0 	0 	0 	0 	0 	0 	2.9957 		 	0.0305
429 	0 	0 	0 	0 	0 	0 	0 	0 	0 	5 	0 	0 	0 	0 	0 	0 	0 	0 	0 	0 	2.9957 		 	0.0305
430 	0 	0 	0 	0 	0 	0 	0 	0 	1 	0 	0 	0 	0 	0 	0 	0 	0 	2 	0 	2 	1.9408 		 	0.0305
431 	3 	1 	0 	2 	0 	0 	4 	0 	1 	1 	0 	0 	0 	1 	0 	1 	0 	0 	0 	0 	1.0872 		 	0.0854
432 	0 	0 	0 	20 	0 	1 	0 	0 	0 	0 	0 	3 	2 	0 	2 	1 	0 	0 	0 	0 	1.9037 		 	0.1768
433 	0 	0 	0 	2 	0 	0 	0 	0 	15 	1 	0 	0 	0 	0 	0 	1 	1 	0 	9 	0 	1.7589 		 	0.1768
434 	0 	0 	1 	7 	0 	0 	0 	0 	6 	1 	0 	0 	0 	0 	6 	0 	8 	0 	0 	0 	1.4132 		 	0.1768
435 	0 	0 	0 	7 	0 	0 	0 	0 	9 	3 	0 	0 	0 	0 	2 	0 	6 	2 	0 	0 	1.3600 		 	0.1768
436 	0 	0 	0 	0 	0 	1 	0 	1 	0 	2 	4 	0 	0 	0 	0 	1 	1 	0 	0 	0 	1.3863 		 	0.0610
437 	0 	0 	0 	0 	0 	2 	0 	0 	1 	3 	0 	0 	4 	0 	0 	3 	1 	0 	0 	0 	1.3226 		 	0.0854
438 	0 	0 	0 	7 	3 	9 	0 	0 	0 	2 	0 	0 	1 	0 	0 	0 	0 	0 	0 	7 	1.4112 		 	0.1768
439 	1 	0 	0 	12 	0 	0 	0 	4 	2 	0 	1 	0 	0 	1 	1 	0 	0 	0 	0 	0 	1.5752 		 	0.1341
440 	0 	0 	0 	0 	0 	0 	0 	9 	0 	3 	0 	0 	5 	0 	0 	0 	5 	0 	0 	0 	1.6849 		 	0.1341
441 	1 	21 	0 	0 	1 	0 	0 	0 	0 	58 	0 	0 	0 	2 	2 	9 	0 	0 	0 	0 	1.8778 		 	0.5732
442 	1 	0 	0 	0 	0 	0 	0 	1 	1 	10 	0 	0 	0 	11 	61 	2 	4 	4 	0 	0 	1.7328 		 	0.5793
443 	0 	0 	53 	1 	0 	1 	0 	0 	0 	4 	0 	8 	18 	0 	0 	1 	9 	0 	0 	0 	1.6461 		 	0.5793
444 	0 	2 	0 	0 	6 	8 	2 	3 	0 	60 	1 	2 	4 	1 	0 	3 	0 	0 	2 	0 	1.5453 		 	0.5732
445 	11 	0 	0 	0 	1 	0 	0 	15 	0 	63 	0 	0 	0 	0 	0 	0 	0 	4 	0 	0 	2.0010 		 	0.5732
446 	8 	1 	0 	1 	1 	0 	0 	2 	2 	49 	0 	0 	0 	2 	0 	19 	3 	5 	1 	0 	1.4182 		 	0.5732
447 	0 	0 	0 	0 	0 	2 	0 	59 	5 	8 	2 	1 	0 	0 	12 	0 	2 	0 	0 	0 	1.7732 		 	0.5549
448 	24 	0 	0 	0 	0 	0 	0 	5 	0 	6 	0 	12 	0 	0 	0 	4 	3 	25 	0 	0 	1.3377 		 	0.4817
449 	20 	1 	0 	8 	6 	0 	0 	0 	1 	1 	0 	0 	0 	1 	4 	5 	20 	4 	2 	6 	0.8856 		 	0.4817
450 	0 	0 	0 	0 	0 	0 	8 	1 	1 	4 	0 	0 	5 	11 	54 	0 	0 	0 	0 	0 	1.8031 		 	0.5122
451 	1 	0 	0 	0 	0 	0 	0 	41 	8 	7 	0 	0 	0 	1 	0 	1 	23 	2 	0 	0 	1.6127 		 	0.5122
452 	0 	0 	0 	0 	0 	0 	1 	2 	0 	24 	0 	8 	5 	0 	2 	0 	0 	42 	0 	0 	1.6686 		 	0.5122
453 	0 	0 	6 	40 	0 	10 	5 	0 	2 	0 	0 	0 	0 	14 	5 	1 	0 	0 	0 	0 	1.4174 		 	0.5061
454 	1 	0 	0 	0 	0 	0 	0 	3 	1 	48 	0 	0 	8 	1 	5 	8 	4 	0 	0 	2 	1.5317 		 	0.4939
455 	0 	0 	0 	0 	0 	6 	0 	13 	0 	46 	0 	0 	0 	0 	0 	0 	0 	3 	0 	0 	2.0631 		 	0.4146
456 	0 	0 	0 	0 	3 	47 	0 	0 	1 	6 	0 	0 	0 	0 	2 	5 	2 	3 	1 	1 	1.6784 		 	0.4329
457 	0 	0 	1 	0 	0 	0 	2 	0 	0 	2 	0 	0 	2 	17 	3 	0 	1 	0 	0 	0 	1.6499 		 	0.1707
458 	1 	0 	0 	0 	0 	3 	0 	2 	0 	1 	0 	3 	0 	0 	4 	12 	1 	1 	0 	0 	1.2115 		 	0.1707
459 	0 	0 	0 	0 	1 	0 	0 	3 	0 	18 	0 	0 	0 	0 	0 	3 	0 	0 	0 	0 	2.1216 		 	0.1524
460 	0 	0 	0 	0 	0 	0 	1 	1 	0 	5 	0 	0 	0 	2 	2 	9 	0 	0 	2 	0 	1.3584 		 	0.1341
461 	4 	0 	0 	0 	0 	0 	2 	2 	4 	0 	0 	0 	0 	0 	7 	1 	1 	0 	0 	0 	1.2600 		 	0.1280
462 	4 	0 	0 	0 	0 	20 	0 	0 	0 	3 	0 	0 	1 	1 	1 	2 	6 	0 	4 	0 	1.3161 		 	0.2561
463 	1 	0 	0 	0 	0 	4 	0 	9 	0 	26 	0 	8 	1 	4 	0 	0 	1 	1 	0 	0 	1.3922 		 	0.3354
464 	0 	0 	0 	0 	1 	0 	2 	6 	4 	2 	0 	8 	0 	12 	40 	0 	6 	0 	7 	0 	1.2167 		 	0.5366
465 	5 	0 	0 	0 	0 	0 	0 	2 	0 	1 	5 	0 	8 	1 	0 	1 	0 	0 	0 	0 	1.3436 		 	0.1402
466 	0 	0 	0 	5 	0 	0 	8 	0 	3 	1 	0 	3 	0 	0 	0 	1 	0 	0 	0 	0 	1.4405 		 	0.1280
467 	0 	0 	0 	5 	0 	0 	0 	3 	0 	3 	0 	0 	0 	9 	0 	0 	0 	1 	0 	0 	1.5900 		 	0.1280
468 	5 	0 	0 	0 	0 	11 	0 	1 	7 	5 	0 	8 	1 	2 	46 	0 	2 	0 	0 	0 	1.3777 		 	0.5366
469 	1 	0 	0 	0 	0 	55 	0 	9 	0 	7 	0 	1 	0 	0 	0 	10 	1 	4 	0 	0 	1.7272 		 	0.5366
470 	0 	0 	0 	0 	0 	0 	1 	4 	0 	11 	0 	3 	0 	0 	19 	0 	0 	0 	50 	0 	1.7771 		 	0.5366
471 	0 	0 	18 	55 	0 	1 	0 	0 	2 	2 	0 	6 	0 	4 	1 	0 	2 	0 	0 	0 	1.7034 		 	0.5549
472 	29 	0 	0 	0 	1 	8 	1 	10 	0 	11 	0 	0 	3 	1 	1 	0 	3 	17 	9 	0 	0.9867 		 	0.5732
473 	0 	2 	1 	19 	0 	2 	0 	5 	0 	62 	0 	0 	0 	0 	3 	0 	0 	0 	0 	0 	1.9199 		 	0.5732
474 	0 	1 	0 	0 	0 	0 	2 	13 	44 	0 	0 	4 	0 	1 	24 	0 	1 	4 	0 	0 	1.5226 		 	0.5732
475 	0 	0 	0 	0 	1 	1 	3 	2 	2 	15 	0 	0 	1 	4 	10 	1 	9 	2 	0 	43 	1.1987 		 	0.5732
476 	3 	3 	0 	5 	0 	3 	4 	0 	6 	26 	0 	1 	2 	1 	1 	14 	1 	0 	22 	0 	0.9226 		 	0.5610
477 	0 	0 	0 	8 	0 	0 	0 	0 	7 	0 	0 	0 	0 	0 	0 	3 	4 	0 	0 	0 	1.6819 		 	0.1341
478 	6 	0 	0 	0 	2 	20 	0 	3 	5 	5 	0 	2 	1 	2 	1 	1 	2 	6 	38 	0 	1.0543 		 	0.5732
479 	16 	0 	0 	5 	0 	17 	0 	0 	7 	0 	0 	39 	0 	2 	1 	3 	4 	0 	0 	0 	1.2961 		 	0.5732
480 	0 	0 	0 	0 	2 	0 	0 	5 	7 	43 	0 	0 	0 	2 	0 	0 	0 	2 	0 	18 	1.6590 		 	0.4817
481 	1 	0 	0 	6 	0 	0 	0 	6 	0 	54 	1 	9 	0 	0 	1 	3 	5 	6 	0 	0 	1.5041 		 	0.5610
482 	3 	0 	0 	0 	0 	0 	0 	15 	1 	4 	0 	0 	0 	59 	8 	0 	0 	0 	2 	0 	1.8224 		 	0.5610
483 	0 	0 	0 	1 	0 	1 	1 	0 	5 	0 	0 	0 	0 	0 	0 	0 	0 	6 	0 	78 	2.3720 		 	0.5610
484 	0 	0 	17 	2 	0 	22 	0 	0 	0 	0 	0 	0 	0 	0 	0 	0 	0 	0 	51 	0 	1.9313 		 	0.5610
485 	0 	21 	0 	0 	0 	19 	0 	6 	0 	6 	0 	0 	0 	5 	0 	28 	1 	0 	6 	0 	1.2292 		 	0.5610
486 	1 	8 	1 	11 	0 	1 	0 	4 	5 	2 	0 	0 	0 	45 	7 	8 	0 	1 	0 	0 	1.2136 		 	0.5732
487 	1 	0 	6 	56 	0 	0 	0 	8 	0 	0 	0 	1 	0 	2 	0 	0 	2 	0 	12 	6 	1.6029 		 	0.5732
488 	0 	0 	0 	0 	0 	0 	0 	0 	0 	0 	0 	0 	0 	0 	0 	0 	1 	0 	0 	0 	2.9957 		 	0.0061
489 	0 	0 	0 	0 	0 	0 	0 	0 	0 	0 	0 	0 	0 	0 	0 	0 	0 	0 	0 	1 	2.9957 		 	0.0061
490 	1 	0 	0 	0 	0 	0 	0 	0 	0 	0 	0 	0 	0 	0 	0 	0 	0 	0 	0 	0 	2.9957 		 	0.0061
491 	0 	0 	0 	0 	0 	0 	0 	0 	0 	0 	0 	0 	0 	0 	0 	1 	0 	0 	0 	0 	2.9957 		 	0.0061
492 	0 	0 	0 	0 	8 	0 	0 	10 	0 	54 	0 	0 	0 	0 	0 	0 	0 	0 	0 	0 	2.2617 		 	0.4390
493 	0 	0 	0 	0 	0 	0 	3 	0 	46 	0 	0 	0 	0 	17 	6 	0 	0 	0 	0 	0 	2.0292 		 	0.4390
494 	1 	0 	2 	19 	0 	0 	0 	2 	2 	0 	0 	42 	0 	0 	0 	1 	2 	1 	0 	0 	1.7534 		 	0.4390
495 	19 	0 	0 	0 	0 	1 	0 	0 	8 	1 	0 	0 	0 	0 	11 	50 	0 	1 	2 	0 	1.6453 		 	0.5671
496 	65 	0 	0 	6 	9 	1 	1 	2 	0 	3 	0 	0 	0 	0 	0 	0 	0 	6 	0 	0 	1.8749 		 	0.5671
497 	0 	0 	0 	0 	0 	0 	0 	23 	7 	1 	0 	0 	0 	30 	3 	5 	3 	22 	0 	0 	1.3292 		 	0.5732
498 	21 	0 	1 	10 	0 	4 	0 	0 	1 	0 	5 	7 	1 	1 	0 	42 	0 	1 	0 	0 	1.3371 		 	0.5732
499 	8 	0 	1 	3 	5 	4 	0 	1 	0 	52 	0 	0 	7 	2 	0 	0 	0 	0 	3 	0 	1.5332 		 	0.5244
500 	12 	0 	0 	0 	6 	0 	0 	1 	0 	48 	0 	0 	0 	1 	0 	0 	1 	3 	5 	0 	1.7393 		 	0.4695
501 	0 	0 	16 	0 	0 	8 	0 	0 	3 	5 	0 	35 	0 	2 	15 	0 	0 	1 	0 	0 	1.3623 		 	0.5183
502 	33 	0 	0 	0 	1 	0 	0 	0 	0 	1 	0 	0 	0 	0 	7 	4 	37 	2 	0 	0 	1.7242 		 	0.5183
503 	10 	0 	1 	1 	0 	0 	0 	12 	0 	18 	0 	0 	0 	0 	0 	0 	49 	2 	0 	0 	1.6562 		 	0.5671
504 	8 	0 	6 	0 	0 	0 	0 	0 	0 	0 	0 	0 	0 	0 	0 	0 	0 	0 	0 	0 	2.3128 		 	0.0854
505 	0 	0 	0 	0 	0 	0 	0 	14 	0 	5 	0 	0 	0 	0 	0 	0 	0 	0 	0 	0 	2.4194 		 	0.1159
506 	0 	0 	0 	0 	0 	0 	5 	0 	0 	0 	0 	0 	8 	0 	0 	0 	0 	0 	0 	0 	2.3295 		 	0.0793
507 	0 	8 	0 	10 	0 	1 	0 	0 	0 	0 	0 	0 	0 	0 	0 	0 	0 	0 	0 	0 	2.1387 		 	0.1159
508 	0 	8 	0 	0 	1 	5 	0 	0 	0 	2 	0 	5 	0 	0 	0 	0 	0 	0 	0 	0 	1.5758 		 	0.1280
509 	0 	0 	9 	2 	0 	9 	0 	0 	0 	0 	0 	0 	1 	0 	0 	0 	0 	0 	0 	0 	1.9006 		 	0.1280
510 	0 	0 	0 	0 	10 	0 	0 	0 	0 	0 	0 	0 	0 	1 	0 	0 	2 	0 	0 	8 	1.9059 		 	0.1280
511 	0 	0 	0 	0 	0 	0 	0 	0 	0 	0 	0 	0 	13 	0 	0 	0 	0 	0 	0 	0 	2.9957 		 	0.0793
512 	3 	0 	1 	1 	0 	0 	0 	0 	0 	8 	0 	0 	0 	0 	0 	0 	0 	0 	0 	0 	1.9640 		 	0.0793
513 	0 	0 	0 	0 	0 	0 	0 	0 	0 	0 	0 	0 	0 	0 	0 	0 	0 	0 	13 	0 	2.9957 		 	0.0793
514 	54 	0 	0 	0 	0 	3 	0 	4 	0 	11 	0 	0 	0 	0 	11 	0 	4 	6 	0 	0 	1.6168 		 	0.5671
515 	0 	0 	0 	23 	8 	1 	0 	47 	1 	0 	0 	2 	1 	4 	2 	1 	0 	3 	0 	0 	1.4881 		 	0.5671
516 	46 	0 	0 	0 	1 	0 	0 	0 	0 	7 	0 	0 	0 	4 	0 	1 	18 	6 	10 	0 	1.4856 		 	0.5671
517 	3 	0 	0 	0 	0 	0 	0 	1 	0 	21 	0 	0 	0 	0 	0 	0 	4 	50 	0 	0 	2.0235 		 	0.4817
518 	67 	0 	0 	0 	0 	6 	0 	0 	0 	0 	0 	0 	0 	2 	1 	0 	3 	0 	0 	0 	2.3876 		 	0.4817
519 	2 	0 	1 	47 	0 	10 	0 	0 	0 	0 	0 	7 	0 	0 	0 	11 	0 	0 	1 	0 	1.7322 		 	0.4817
520 	25 	1 	0 	0 	0 	43 	0 	0 	0 	0 	0 	0 	0 	0 	3 	1 	1 	0 	5 	0 	1.8357 		 	0.4817
521 	1 	3 	0 	1 	0 	5 	0 	0 	0 	0 	0 	0 	0 	1 	0 	0 	56 	0 	12 	0 	2.0007 		 	0.4817
522 	0 	0 	51 	2 	0 	7 	1 	0 	3 	0 	0 	0 	0 	1 	13 	0 	0 	0 	0 	1 	1.8183 		 	0.4817
523 	1 	0 	13 	1 	0 	7 	0 	0 	0 	1 	1 	1 	0 	2 	48 	1 	2 	0 	1 	0 	1.6080 		 	0.4817
524 	1 	0 	0 	0 	3 	0 	0 	24 	0 	15 	0 	1 	0 	0 	0 	1 	0 	34 	0 	0 	1.6653 		 	0.4817
525 	0 	2 	0 	0 	0 	1 	0 	50 	0 	1 	0 	0 	0 	0 	0 	0 	0 	0 	23 	0 	2.1468 		 	0.4695
526 	3 	0 	0 	55 	0 	13 	0 	0 	3 	3 	0 	0 	5 	0 	2 	0 	0 	1 	0 	0 	1.7657 		 	0.5183
527 	17 	0 	0 	0 	0 	3 	0 	17 	0 	16 	1 	0 	0 	0 	0 	0 	7 	24 	0 	0 	1.3046 		 	0.5183
528 	15 	2 	0 	0 	1 	2 	0 	6 	0 	24 	1 	0 	0 	0 	0 	0 	0 	34 	0 	0 	1.4979 		 	0.5183
529 	4 	0 	0 	1 	0 	5 	0 	8 	0 	0 	0 	0 	0 	51 	13 	1 	0 	1 	0 	1 	1.6601 		 	0.5183
530 	1 	0 	0 	1 	0 	6 	0 	8 	0 	0 	0 	1 	0 	1 	59 	6 	0 	1 	0 	1 	1.8320 		 	0.5183
531 	39 	0 	0 	0 	4 	4 	0 	21 	0 	0 	0 	0 	0 	0 	0 	0 	4 	5 	0 	0 	1.6584 		 	0.4695
532 	4 	9 	0 	0 	9 	30 	0 	1 	0 	5 	0 	0 	0 	0 	0 	0 	0 	1 	4 	14 	1.2191 		 	0.4695
533 	0 	0 	0 	1 	0 	1 	0 	0 	0 	0 	0 	0 	0 	5 	68 	1 	1 	0 	0 	0 	2.4828 		 	0.4695
534 	47 	0 	0 	2 	0 	23 	0 	1 	0 	0 	0 	1 	1 	0 	0 	0 	0 	0 	4 	0 	1.9175 		 	0.4817
535 	0 	0 	0 	1 	7 	0 	0 	58 	0 	2 	1 	0 	0 	0 	0 	0 	0 	18 	0 	0 	2.0073 		 	0.5305
536 	0 	2 	0 	0 	0 	14 	0 	7 	0 	51 	0 	0 	0 	0 	12 	0 	0 	1 	0 	0 	1.7746 		 	0.5305
537 	18 	0 	1 	0 	0 	1 	35 	0 	0 	0 	0 	24 	0 	0 	8 	0 	0 	0 	0 	0 	1.6261 		 	0.5305
538 	0 	0 	0 	0 	4 	0 	0 	65 	0 	2 	0 	0 	0 	0 	0 	3 	0 	13 	0 	0 	2.1494 		 	0.5305
539 	0 	0 	1 	0 	0 	0 	0 	1 	1 	4 	0 	0 	0 	0 	0 	0 	0 	0 	0 	0 	1.8420 		 	0.0427
540 	0 	0 	0 	1 	0 	0 	0 	0 	1 	0 	0 	0 	0 	0 	0 	5 	0 	0 	0 	0 	2.1994 		 	0.0427
541 	0 	0 	2 	1 	0 	3 	0 	0 	0 	0 	0 	2 	0 	0 	0 	1 	0 	0 	0 	0 	1.4728 		 	0.0549
542 	1 	0 	1 	0 	0 	0 	1 	0 	0 	0 	0 	0 	0 	0 	0 	0 	0 	0 	0 	0 	1.8971 		 	0.0183
543 	0 	0 	0 	0 	0 	0 	0 	1 	0 	1 	0 	0 	0 	0 	0 	0 	0 	0 	0 	0 	2.3026 		 	0.0122
544 	9 	0 	0 	0 	0 	0 	0 	0 	0 	0 	0 	0 	1 	0 	0 	0 	4 	0 	2 	0 	1.8923 		 	0.0976
545 	5 	1 	0 	1 	0 	8 	0 	0 	0 	0 	0 	0 	0 	0 	0 	0 	0 	0 	0 	1 	1.7658 		 	0.0976
546 	0 	0 	0 	2 	0 	1 	1 	0 	0 	0 	0 	0 	0 	3 	0 	0 	0 	0 	0 	9 	1.7517 		 	0.0976
547 	0 	0 	0 	0 	0 	15 	0 	0 	1 	0 	0 	0 	0 	0 	0 	0 	0 	0 	0 	0 	2.7619 		 	0.0976
548 	0 	0 	0 	0 	0 	0 	0 	6 	1 	9 	0 	0 	0 	0 	0 	0 	0 	0 	0 	0 	2.1310 		 	0.0976
549 	0 	0 	0 	0 	5 	0 	0 	0 	0 	0 	0 	0 	0 	0 	10 	1 	0 	0 	0 	0 	2.1652 		 	0.0976
550 	0 	0 	0 	0 	0 	14 	0 	0 	1 	0 	0 	0 	1 	0 	0 	0 	0 	0 	0 	0 	2.5323 		 	0.0976
551 	0 	0 	0 	0 	1 	0 	0 	0 	0 	7 	0 	0 	0 	0 	0 	3 	4 	1 	0 	0 	1.6270 		 	0.0976
552 	12 	0 	0 	1 	0 	0 	0 	0 	0 	1 	0 	0 	0 	1 	0 	0 	1 	0 	0 	0 	2.0868 		 	0.0976
553 	0 	0 	0 	0 	3 	0 	0 	0 	0 	0 	1 	0 	0 	0 	0 	0 	0 	10 	0 	0 	2.2368 		 	0.0854
554 	0 	0 	0 	0 	0 	0 	0 	8 	0 	0 	0 	0 	0 	0 	0 	5 	0 	0 	0 	0 	2.3295 		 	0.0793
555 	0 	0 	0 	0 	1 	0 	0 	1 	0 	3 	0 	0 	0 	0 	0 	0 	0 	0 	0 	0 	2.0455 		 	0.0305
556 	0 	0 	0 	0 	0 	0 	0 	0 	0 	5 	0 	0 	0 	0 	0 	0 	0 	0 	0 	0 	2.9957 		 	0.0305
557 	0 	0 	0 	0 	1 	3 	0 	0 	0 	0 	0 	0 	0 	0 	0 	1 	0 	0 	0 	0 	2.0455 		 	0.0305
558 	0 	0 	0 	0 	0 	0 	0 	0 	0 	0 	0 	0 	0 	0 	0 	0 	0 	0 	0 	5 	2.9957 		 	0.0305
559 	2 	0 	0 	0 	0 	0 	1 	8 	0 	2 	0 	0 	71 	0 	0 	0 	0 	1 	0 	0 	2.3420 		 	0.5183
560 	0 	0 	0 	0 	0 	0 	0 	0 	5 	0 	0 	0 	0 	0 	69 	0 	9 	2 	0 	0 	2.3338 		 	0.5183
561 	0 	0 	0 	0 	0 	0 	0 	8 	1 	0 	0 	0 	5 	0 	71 	0 	0 	0 	0 	0 	2.4041 		 	0.5183
562 	0 	8 	0 	0 	0 	0 	0 	72 	0 	0 	0 	0 	0 	0 	0 	0 	0 	5 	0 	0 	2.4661 		 	0.5183
563 	0 	0 	0 	0 	0 	0 	0 	7 	0 	5 	0 	0 	0 	0 	72 	0 	1 	0 	0 	0 	2.4306 		 	0.5183
564 	0 	0 	0 	0 	0 	0 	0 	4 	0 	1 	0 	0 	0 	72 	8 	0 	0 	0 	0 	0 	2.4366 		 	0.5183
565 	0 	0 	0 	0 	0 	85 	0 	0 	0 	0 	0 	0 	0 	0 	0 	0 	0 	0 	0 	0 	2.9957 		 	0.5183
566 	13 	0 	0 	0 	9 	0 	0 	2 	0 	59 	0 	0 	0 	0 	0 	0 	0 	2 	0 	0 	2.0409 		 	0.5183
567 	0 	0 	0 	72 	0 	4 	0 	0 	0 	0 	0 	8 	0 	0 	0 	0 	0 	1 	0 	0 	2.4366 		 	0.5183
568 	2 	0 	0 	1 	0 	1 	0 	6 	1 	22 	0 	0 	0 	0 	48 	0 	0 	4 	0 	0 	1.7472 		 	0.5183
569 	45 	0 	0 	0 	1 	0 	0 	23 	0 	5 	0 	0 	0 	0 	0 	3 	7 	1 	0 	0 	1.7105 		 	0.5183
570 	0 	0 	0 	0 	9 	0 	0 	0 	0 	76 	0 	0 	0 	0 	0 	0 	0 	0 	0 	0 	2.6579 		 	0.5183
571 	0 	1 	0 	8 	0 	1 	0 	1 	0 	65 	0 	3 	0 	4 	0 	0 	0 	1 	0 	0 	2.0984 		 	0.5122
572 	0 	0 	0 	0 	0 	0 	0 	4 	0 	0 	0 	0 	0 	0 	0 	0 	0 	1 	0 	0 	2.4953 		 	0.0305
573 	2 	0 	0 	0 	0 	0 	0 	3 	0 	0 	0 	0 	0 	0 	0 	0 	0 	0 	0 	0 	2.3227 		 	0.0305
574 	0 	0 	0 	0 	1 	0 	0 	8 	0 	4 	0 	0 	0 	0 	0 	0 	0 	0 	0 	0 	2.1370 		 	0.0793
575 	0 	0 	0 	0 	0 	0 	0 	11 	0 	2 	0 	0 	0 	0 	0 	0 	0 	0 	0 	0 	2.5664 		 	0.0793
576 	0 	0 	0 	0 	4 	0 	0 	1 	0 	0 	0 	0 	0 	0 	8 	0 	0 	0 	0 	0 	2.1370 		 	0.0793
577 	0 	0 	0 	0 	0 	0 	0 	0 	13 	0 	0 	0 	0 	0 	0 	0 	0 	0 	0 	0 	2.9957 		 	0.0793
578 	0 	0 	0 	0 	0 	0 	0 	5 	0 	0 	8 	0 	0 	0 	0 	0 	0 	0 	0 	0 	2.3295 		 	0.0793
579 	0 	0 	0 	0 	0 	0 	0 	2 	0 	8 	0 	0 	0 	0 	0 	0 	0 	3 	0 	0 	2.0706 		 	0.0793
580 	0 	0 	8 	0 	0 	1 	0 	0 	0 	0 	0 	0 	0 	0 	0 	4 	0 	0 	0 	0 	2.1370 		 	0.0793
581 	0 	0 	0 	0 	0 	0 	0 	0 	0 	0 	0 	0 	0 	0 	0 	0 	0 	0 	5 	8 	2.3295 		 	0.0793
582 	0 	0 	0 	0 	0 	0 	0 	10 	0 	3 	0 	0 	0 	0 	0 	0 	0 	0 	0 	0 	2.4555 		 	0.0793
583 	0 	0 	0 	0 	0 	8 	0 	0 	0 	0 	0 	0 	4 	1 	0 	0 	0 	0 	0 	0 	2.1370 		 	0.0793
584 	0 	0 	0 	0 	0 	2 	0 	0 	0 	0 	0 	1 	0 	0 	8 	0 	2 	0 	0 	0 	1.9237 		 	0.0793
585 	8 	0 	0 	0 	0 	0 	0 	0 	4 	0 	0 	0 	0 	0 	0 	0 	1 	0 	0 	0 	2.1370 		 	0.0793
586 	0 	0 	0 	0 	0 	0 	0 	0 	3 	8 	0 	0 	1 	0 	1 	0 	0 	0 	0 	0 	1.9640 		 	0.0793
587 	0 	0 	0 	0 	0 	0 	0 	0 	5 	0 	0 	8 	0 	0 	0 	0 	0 	0 	0 	0 	2.3295 		 	0.0793
588 	0 	0 	0 	0 	0 	0 	0 	0 	2 	0 	0 	1 	8 	0 	1 	1 	0 	0 	0 	0 	1.8171 		 	0.0793
589 	0 	0 	1 	0 	0 	8 	0 	0 	0 	0 	0 	2 	0 	2 	0 	0 	0 	0 	0 	0 	1.9237 		 	0.0793
590 	0 	0 	0 	0 	0 	0 	0 	0 	0 	0 	0 	0 	0 	1 	0 	0 	8 	0 	0 	0 	2.6469 		 	0.0549
591 	0 	0 	0 	0 	0 	0 	0 	0 	0 	0 	0 	0 	0 	0 	0 	8 	0 	0 	0 	0 	2.9957 		 	0.0488
592 	0 	0 	0 	0 	0 	0 	8 	0 	0 	0 	0 	0 	0 	0 	0 	0 	0 	0 	0 	0 	2.9957 		 	0.0488
593 	0 	0 	0 	0 	0 	0 	0 	0 	0 	0 	0 	0 	0 	0 	0 	0 	0 	8 	0 	0 	2.9957 		 	0.0488
594 	0 	0 	0 	0 	0 	0 	0 	0 	0 	0 	0 	0 	0 	0 	0 	8 	0 	0 	0 	0 	2.9957 		 	0.0488
595 	0 	0 	0 	0 	0 	0 	0 	0 	0 	0 	8 	0 	0 	0 	0 	0 	0 	0 	0 	0 	2.9957 		 	0.0488
596 	0 	0 	0 	0 	0 	0 	0 	0 	0 	0 	0 	0 	8 	0 	0 	0 	0 	0 	0 	0 	2.9957 		 	0.0488
597 	0 	0 	0 	0 	0 	0 	0 	0 	0 	0 	0 	0 	0 	8 	0 	0 	0 	0 	0 	0 	2.9957 		 	0.0488
598 	0 	0 	0 	0 	0 	0 	0 	0 	0 	0 	0 	0 	0 	0 	0 	0 	0 	0 	0 	8 	2.9957 		 	0.0488
599 	0 	0 	0 	0 	0 	0 	0 	0 	0 	0 	0 	0 	0 	0 	0 	0 	0 	8 	0 	0 	2.9957 		 	0.0488
# End LogoData
