## LogoData
# First column is position number, counting from zero
# Subsequent columns are raw symbol counts
# Entropy is mean entropy measured in nats.
# Low and High are the 95% confidence limits.
# Weight is the fraction of non-gap symbols in the column.
#	
#	A 	C 	D 	E 	F 	G 	H 	I 	K 	L 	M 	N 	P 	Q 	R 	S 	T 	V 	W 	Y 	Entropy	Low	High	Weight
1 	0 	0 	0 	0 	0 	0 	0 	0 	0 	0 	1 	0 	0 	0 	0 	0 	0 	0 	0 	0 	2.9957 		 	0.1667
2 	0 	0 	0 	0 	0 	0 	0 	1 	0 	0 	0 	0 	0 	0 	0 	0 	0 	0 	0 	0 	2.9957 		 	0.1667
3 	0 	0 	0 	0 	0 	0 	0 	0 	0 	0 	0 	0 	1 	0 	0 	0 	0 	0 	0 	0 	2.9957 		 	0.1667
4 	0 	0 	0 	0 	0 	0 	0 	0 	0 	0 	0 	0 	0 	1 	0 	0 	0 	0 	0 	0 	2.9957 		 	0.1667
5 	1 	0 	0 	0 	0 	0 	0 	0 	0 	0 	0 	0 	0 	0 	0 	0 	0 	0 	0 	0 	2.9957 		 	0.1667
6 	0 	0 	0 	0 	0 	0 	0 	0 	0 	1 	0 	0 	0 	0 	0 	0 	0 	0 	0 	0 	2.9957 		 	0.1667
7 	0 	0 	0 	0 	0 	0 	0 	0 	0 	1 	0 	0 	0 	0 	0 	0 	0 	0 	0 	0 	2.9957 		 	0.1667
8 	0 	0 	0 	0 	1 	0 	0 	0 	0 	0 	0 	0 	0 	0 	0 	0 	0 	0 	0 	0 	2.9957 		 	0.1667
9 	0 	0 	0 	0 	0 	0 	0 	0 	0 	0 	0 	0 	0 	0 	0 	0 	0 	1 	0 	0 	2.9957 		 	0.1667
10 	0 	0 	0 	0 	0 	0 	0 	0 	0 	0 	0 	0 	1 	0 	0 	0 	0 	0 	0 	0 	2.9957 		 	0.1667
11 	0 	0 	0 	0 	0 	0 	0 	0 	0 	1 	0 	0 	0 	0 	0 	0 	0 	0 	0 	0 	2.9957 		 	0.1667
12 	0 	0 	0 	0 	0 	0 	0 	0 	0 	1 	0 	0 	0 	0 	0 	0 	0 	0 	0 	0 	2.9957 		 	0.1667
13 	0 	0 	0 	0 	0 	0 	0 	0 	0 	0 	0 	0 	0 	0 	0 	0 	0 	1 	0 	0 	2.9957 		 	0.1667
14 	0 	0 	0 	0 	1 	0 	0 	0 	0 	0 	0 	0 	0 	0 	0 	0 	0 	0 	0 	0 	2.9957 		 	0.1667
15 	0 	0 	0 	0 	0 	0 	0 	0 	0 	0 	0 	0 	1 	0 	0 	0 	0 	0 	0 	0 	2.9957 		 	0.1667
16 	0 	0 	0 	0 	0 	0 	0 	0 	0 	1 	0 	0 	0 	0 	0 	0 	0 	0 	0 	0 	2.9957 		 	0.1667
17 	0 	1 	0 	0 	0 	0 	0 	0 	0 	0 	0 	0 	0 	0 	0 	0 	0 	0 	0 	0 	2.9957 		 	0.1667
18 	0 	0 	0 	0 	1 	0 	0 	0 	0 	0 	0 	0 	0 	0 	0 	0 	0 	0 	0 	0 	2.9957 		 	0.1667
19 	0 	0 	0 	0 	0 	1 	0 	0 	0 	0 	0 	0 	0 	0 	0 	0 	0 	0 	0 	0 	2.9957 		 	0.1667
20 	0 	0 	0 	0 	0 	0 	0 	0 	6 	0 	0 	0 	0 	0 	0 	0 	0 	0 	0 	0 	2.9957 		 	1.0000
21 	0 	0 	0 	0 	6 	0 	0 	0 	0 	0 	0 	0 	0 	0 	0 	0 	0 	0 	0 	0 	2.9957 		 	1.0000
22 	0 	0 	0 	0 	0 	0 	0 	0 	0 	0 	0 	0 	2 	0 	0 	0 	4 	0 	0 	0 	2.3592 		 	1.0000
23 	0 	0 	0 	0 	0 	0 	0 	5 	0 	0 	0 	0 	0 	0 	0 	0 	1 	0 	0 	0 	2.5452 		 	1.0000
24 	0 	0 	0 	0 	0 	0 	0 	0 	0 	0 	0 	0 	0 	0 	0 	0 	0 	4 	0 	2 	2.3592 		 	1.0000
25 	0 	0 	0 	0 	4 	0 	0 	0 	0 	0 	0 	0 	0 	0 	0 	0 	2 	0 	0 	0 	2.3592 		 	1.0000
26 	0 	0 	0 	0 	0 	0 	0 	2 	0 	0 	0 	0 	4 	0 	0 	0 	0 	0 	0 	0 	2.3592 		 	1.0000
27 	0 	0 	0 	0 	0 	0 	4 	0 	0 	0 	0 	0 	2 	0 	0 	0 	0 	0 	0 	0 	2.3592 		 	1.0000
28 	0 	0 	2 	0 	0 	0 	0 	0 	0 	0 	0 	4 	0 	0 	0 	0 	0 	0 	0 	0 	2.3592 		 	1.0000
29 	0 	0 	0 	0 	0 	0 	0 	0 	3 	0 	0 	0 	0 	3 	0 	0 	0 	0 	0 	0 	2.3026 		 	1.0000
30 	0 	0 	0 	0 	0 	0 	0 	0 	4 	2 	0 	0 	0 	0 	0 	0 	0 	0 	0 	0 	2.3592 		 	1.0000
31 	0 	0 	0 	0 	0 	6 	0 	0 	0 	0 	0 	0 	0 	0 	0 	0 	0 	0 	0 	0 	2.9957 		 	1.0000
32 	0 	0 	1 	0 	0 	0 	0 	0 	0 	0 	0 	2 	2 	0 	0 	0 	1 	0 	0 	0 	1.6661 		 	1.0000
33 	0 	0 	0 	0 	0 	0 	0 	0 	0 	0 	0 	0 	0 	0 	0 	0 	0 	0 	6 	0 	2.9957 		 	1.0000
34 	0 	0 	0 	0 	0 	0 	0 	0 	4 	0 	0 	0 	0 	0 	0 	2 	0 	0 	0 	0 	2.3592 		 	1.0000
35 	0 	0 	0 	0 	0 	0 	0 	0 	0 	0 	0 	4 	2 	0 	0 	0 	0 	0 	0 	0 	2.3592 		 	1.0000
36 	0 	0 	0 	0 	0 	0 	0 	2 	0 	0 	0 	0 	0 	0 	0 	0 	0 	4 	0 	0 	2.3592 		 	1.0000
37 	0 	0 	2 	0 	0 	0 	0 	0 	0 	0 	0 	0 	4 	0 	0 	0 	0 	0 	0 	0 	2.3592 		 	1.0000
38 	0 	0 	0 	0 	0 	0 	0 	2 	0 	0 	0 	0 	0 	0 	0 	4 	0 	0 	0 	0 	2.3592 		 	1.0000
39 	0 	0 	0 	0 	0 	0 	2 	0 	0 	0 	0 	4 	0 	0 	0 	0 	0 	0 	0 	0 	2.3592 		 	1.0000
40 	0 	0 	0 	0 	0 	0 	2 	0 	0 	0 	0 	0 	0 	0 	0 	0 	0 	0 	0 	4 	2.3592 		 	1.0000
41 	0 	0 	0 	0 	0 	0 	4 	0 	0 	2 	0 	0 	0 	0 	0 	0 	0 	0 	0 	0 	2.3592 		 	1.0000
42 	0 	0 	0 	0 	0 	0 	0 	0 	0 	0 	0 	0 	0 	0 	0 	2 	0 	0 	0 	4 	2.3592 		 	1.0000
43 	0 	6 	0 	0 	0 	0 	0 	0 	0 	0 	0 	0 	0 	0 	0 	0 	0 	0 	0 	0 	2.9957 		 	1.0000
44 	0 	0 	0 	0 	0 	0 	0 	0 	0 	0 	0 	0 	6 	0 	0 	0 	0 	0 	0 	0 	2.9957 		 	1.0000
45 	0 	0 	0 	0 	0 	0 	0 	0 	0 	0 	0 	2 	0 	0 	0 	4 	0 	0 	0 	0 	2.3592 		 	1.0000
46 	0 	0 	0 	0 	0 	0 	0 	0 	0 	0 	0 	2 	0 	0 	0 	4 	0 	0 	0 	0 	2.3592 		 	1.0000
47 	0 	0 	0 	0 	0 	0 	0 	0 	0 	2 	0 	0 	0 	0 	0 	4 	0 	0 	0 	0 	2.3592 		 	1.0000
48 	0 	0 	4 	0 	0 	0 	0 	0 	0 	0 	0 	0 	0 	0 	0 	0 	0 	2 	0 	0 	2.3592 		 	1.0000
49 	0 	0 	0 	0 	0 	0 	0 	0 	0 	4 	0 	0 	0 	0 	0 	0 	0 	2 	0 	0 	2.3592 		 	1.0000
50 	0 	0 	0 	2 	0 	0 	0 	0 	0 	0 	0 	4 	0 	0 	0 	0 	0 	0 	0 	0 	2.3592 		 	1.0000
51 	0 	0 	2 	0 	0 	0 	0 	0 	0 	0 	0 	0 	0 	0 	0 	0 	0 	0 	4 	0 	2.3592 		 	1.0000
52 	0 	0 	0 	2 	0 	0 	4 	0 	0 	0 	0 	0 	0 	0 	0 	0 	0 	0 	0 	0 	2.3592 		 	1.0000
53 	0 	0 	0 	0 	0 	2 	0 	0 	0 	0 	0 	0 	0 	0 	0 	0 	0 	0 	0 	0 	2.9957 		 	0.3333
54 	0 	2 	0 	0 	0 	0 	0 	0 	0 	0 	0 	0 	0 	0 	0 	0 	0 	0 	0 	0 	2.9957 		 	0.3333
55 	0 	0 	0 	0 	0 	0 	0 	0 	0 	0 	0 	4 	0 	0 	0 	0 	2 	0 	0 	0 	2.3592 		 	1.0000
56 	0 	0 	4 	0 	0 	0 	0 	0 	0 	0 	0 	2 	0 	0 	0 	0 	0 	0 	0 	0 	2.3592 		 	1.0000
57 	0 	0 	0 	0 	0 	0 	0 	0 	0 	6 	0 	0 	0 	0 	0 	0 	0 	0 	0 	0 	2.9957 		 	1.0000
58 	0 	0 	0 	0 	0 	0 	0 	4 	0 	0 	0 	0 	0 	0 	0 	2 	0 	0 	0 	0 	2.3592 		 	1.0000
59 	0 	0 	0 	0 	0 	6 	0 	0 	0 	0 	0 	0 	0 	0 	0 	0 	0 	0 	0 	0 	2.9957 		 	1.0000
60 	0 	0 	0 	0 	2 	0 	0 	0 	0 	0 	0 	0 	0 	0 	0 	0 	4 	0 	0 	0 	2.3592 		 	1.0000
61 	4 	0 	0 	0 	0 	0 	0 	0 	0 	0 	0 	0 	0 	0 	0 	2 	0 	0 	0 	0 	2.3592 		 	1.0000
62 	0 	0 	0 	0 	0 	0 	0 	1 	0 	3 	0 	0 	0 	0 	0 	0 	0 	0 	0 	2 	1.9843 		 	1.0000
63 	0 	0 	0 	0 	0 	0 	0 	0 	0 	0 	2 	0 	0 	4 	0 	0 	0 	0 	0 	0 	2.3592 		 	1.0000
64 	0 	0 	0 	2 	0 	0 	0 	0 	0 	0 	0 	0 	0 	0 	0 	0 	0 	4 	0 	0 	2.3592 		 	1.0000
65 	0 	0 	0 	0 	0 	0 	0 	0 	4 	2 	0 	0 	0 	0 	0 	0 	0 	0 	0 	0 	2.3592 		 	1.0000
66 	0 	0 	0 	0 	0 	0 	0 	0 	2 	0 	4 	0 	0 	0 	0 	0 	0 	0 	0 	0 	2.3592 		 	1.0000
67 	0 	0 	0 	0 	0 	0 	0 	0 	0 	0 	0 	0 	4 	0 	0 	0 	0 	2 	0 	0 	2.3592 		 	1.0000
68 	0 	0 	0 	0 	0 	2 	0 	0 	4 	0 	0 	0 	0 	0 	0 	0 	0 	0 	0 	0 	2.3592 		 	1.0000
69 	0 	0 	0 	0 	0 	0 	0 	0 	0 	0 	0 	0 	0 	0 	0 	4 	0 	0 	0 	2 	2.3592 		 	1.0000
70 	0 	0 	0 	0 	0 	0 	4 	2 	0 	0 	0 	0 	0 	0 	0 	0 	0 	0 	0 	0 	2.3592 		 	1.0000
71 	0 	0 	0 	0 	0 	0 	0 	0 	4 	0 	0 	0 	0 	0 	0 	2 	0 	0 	0 	0 	2.3592 		 	1.0000
72 	6 	0 	0 	0 	0 	0 	0 	0 	0 	0 	0 	0 	0 	0 	0 	0 	0 	0 	0 	0 	2.9957 		 	1.0000
73 	0 	0 	0 	0 	0 	0 	0 	6 	0 	0 	0 	0 	0 	0 	0 	0 	0 	0 	0 	0 	2.9957 		 	1.0000
74 	0 	0 	0 	0 	0 	0 	0 	0 	2 	0 	0 	0 	0 	4 	0 	0 	0 	0 	0 	0 	2.3592 		 	1.0000
75 	4 	0 	0 	0 	0 	0 	0 	0 	0 	0 	2 	0 	0 	0 	0 	0 	0 	0 	0 	0 	2.3592 		 	1.0000
76 	0 	0 	4 	0 	0 	0 	0 	0 	0 	0 	0 	2 	0 	0 	0 	0 	0 	0 	0 	0 	2.3592 		 	1.0000
77 	0 	0 	0 	0 	0 	6 	0 	0 	0 	0 	0 	0 	0 	0 	0 	0 	0 	0 	0 	0 	2.9957 		 	1.0000
78 	0 	0 	0 	0 	2 	0 	0 	0 	0 	0 	0 	0 	0 	0 	0 	0 	0 	0 	4 	0 	2.3592 		 	1.0000
79 	0 	0 	0 	0 	0 	0 	0 	0 	0 	0 	4 	0 	0 	0 	0 	0 	2 	0 	0 	0 	2.3592 		 	1.0000
80 	0 	6 	0 	0 	0 	0 	0 	0 	0 	0 	0 	0 	0 	0 	0 	0 	0 	0 	0 	0 	2.9957 		 	1.0000
81 	0 	0 	0 	0 	0 	0 	4 	0 	0 	0 	0 	0 	0 	0 	0 	0 	2 	0 	0 	0 	2.3592 		 	1.0000
82 	4 	0 	0 	0 	0 	2 	0 	0 	0 	0 	0 	0 	0 	0 	0 	0 	0 	0 	0 	0 	2.3592 		 	1.0000
83 	0 	0 	0 	0 	0 	0 	0 	0 	0 	0 	0 	0 	0 	0 	0 	4 	0 	2 	0 	0 	2.3592 		 	1.0000
84 	0 	0 	0 	0 	0 	0 	0 	0 	4 	0 	0 	0 	0 	0 	0 	0 	0 	2 	0 	0 	2.3592 		 	1.0000
85 	0 	0 	0 	0 	0 	0 	0 	0 	0 	0 	0 	0 	0 	0 	0 	0 	2 	0 	4 	0 	2.3592 		 	1.0000
86 	0 	0 	0 	2 	0 	0 	0 	1 	0 	0 	0 	0 	0 	0 	0 	0 	0 	3 	0 	0 	1.9843 		 	1.0000
87 	2 	0 	0 	0 	0 	0 	0 	0 	0 	0 	0 	0 	0 	0 	0 	0 	4 	0 	0 	0 	2.3592 		 	1.0000
88 	0 	0 	0 	2 	0 	0 	0 	0 	0 	0 	0 	0 	0 	0 	0 	0 	4 	0 	0 	0 	2.3592 		 	1.0000
89 	0 	4 	0 	0 	0 	0 	0 	0 	0 	0 	0 	0 	0 	0 	0 	0 	2 	0 	0 	0 	2.3592 		 	1.0000
90 	0 	0 	4 	0 	0 	0 	0 	0 	0 	0 	0 	0 	0 	0 	0 	0 	0 	0 	0 	2 	2.3592 		 	1.0000
91 	0 	0 	0 	0 	4 	0 	0 	0 	0 	0 	0 	0 	0 	0 	0 	0 	2 	0 	0 	0 	2.3592 		 	1.0000
92 	0 	0 	0 	0 	0 	0 	0 	0 	0 	0 	0 	2 	0 	0 	4 	0 	0 	0 	0 	0 	2.3592 		 	1.0000
93 	0 	0 	0 	0 	2 	0 	0 	0 	0 	0 	0 	0 	0 	0 	0 	0 	0 	0 	4 	0 	2.3592 		 	1.0000
94 	0 	0 	0 	0 	0 	0 	0 	0 	0 	0 	0 	0 	0 	0 	0 	0 	0 	2 	0 	4 	2.3592 		 	1.0000
95 	0 	0 	0 	0 	0 	6 	0 	0 	0 	0 	0 	0 	0 	0 	0 	0 	0 	0 	0 	0 	2.9957 		 	1.0000
96 	0 	0 	0 	0 	0 	0 	0 	0 	0 	0 	0 	0 	4 	0 	0 	0 	0 	0 	0 	2 	2.3592 		 	1.0000
97 	0 	0 	0 	0 	0 	0 	0 	0 	4 	0 	0 	0 	0 	0 	0 	0 	0 	2 	0 	0 	2.3592 		 	1.0000
98 	0 	0 	0 	0 	0 	0 	0 	0 	0 	0 	0 	0 	0 	0 	0 	0 	2 	0 	0 	4 	2.3592 		 	1.0000
99 	0 	0 	0 	0 	0 	0 	0 	4 	0 	0 	0 	0 	0 	0 	0 	0 	2 	0 	0 	0 	2.3592 		 	1.0000
100 	0 	0 	0 	0 	0 	0 	0 	0 	0 	0 	0 	0 	0 	0 	0 	0 	6 	0 	0 	0 	2.9957 		 	1.0000
101 	0 	0 	0 	0 	2 	0 	3 	0 	0 	0 	0 	0 	0 	1 	0 	0 	0 	0 	0 	0 	1.9843 		 	1.0000
102 	0 	0 	0 	0 	0 	0 	0 	0 	2 	0 	0 	0 	0 	0 	0 	4 	0 	0 	0 	0 	2.3592 		 	1.0000
103 	0 	0 	0 	0 	0 	0 	0 	4 	0 	0 	0 	0 	0 	0 	2 	0 	0 	0 	0 	0 	2.3592 		 	1.0000
104 	0 	0 	0 	0 	0 	0 	0 	0 	2 	0 	0 	0 	0 	1 	3 	0 	0 	0 	0 	0 	1.9843 		 	1.0000
105 	0 	0 	0 	0 	0 	0 	2 	0 	0 	0 	0 	0 	0 	0 	0 	4 	0 	0 	0 	0 	2.3592 		 	1.0000
106 	0 	0 	0 	0 	6 	0 	0 	0 	0 	0 	0 	0 	0 	0 	0 	0 	0 	0 	0 	0 	2.9957 		 	1.0000
107 	0 	0 	0 	0 	0 	0 	0 	0 	0 	0 	0 	0 	0 	0 	2 	0 	4 	0 	0 	0 	2.3592 		 	1.0000
108 	0 	0 	0 	0 	0 	0 	0 	0 	0 	0 	0 	0 	6 	0 	0 	0 	0 	0 	0 	0 	2.9957 		 	1.0000
109 	0 	0 	0 	0 	0 	0 	0 	0 	0 	0 	0 	0 	0 	0 	0 	4 	2 	0 	0 	0 	2.3592 		 	1.0000
110 	0 	0 	0 	0 	0 	0 	0 	0 	0 	0 	0 	0 	2 	0 	0 	0 	0 	4 	0 	0 	2.3592 		 	1.0000
111 	0 	0 	2 	4 	0 	0 	0 	0 	0 	0 	0 	0 	0 	0 	0 	0 	0 	0 	0 	0 	2.3592 		 	1.0000
112 	2 	0 	0 	0 	0 	0 	0 	0 	0 	0 	0 	0 	0 	4 	0 	0 	0 	0 	0 	0 	2.3592 		 	1.0000
113 	0 	6 	0 	0 	0 	0 	0 	0 	0 	0 	0 	0 	0 	0 	0 	0 	0 	0 	0 	0 	2.9957 		 	1.0000
114 	0 	0 	0 	0 	0 	0 	0 	0 	3 	0 	0 	0 	0 	0 	3 	0 	0 	0 	0 	0 	2.3026 		 	1.0000
115 	2 	0 	0 	4 	0 	0 	0 	0 	0 	0 	0 	0 	0 	0 	0 	0 	0 	0 	0 	0 	2.3592 		 	1.0000
116 	2 	0 	0 	0 	0 	0 	0 	0 	0 	0 	0 	0 	0 	0 	0 	4 	0 	0 	0 	0 	2.3592 		 	1.0000
117 	0 	0 	0 	0 	0 	0 	0 	4 	0 	0 	0 	0 	0 	0 	0 	0 	0 	0 	0 	2 	2.3592 		 	1.0000
118 	0 	0 	0 	4 	0 	0 	0 	0 	0 	0 	0 	2 	0 	0 	0 	0 	0 	0 	0 	0 	2.3592 		 	1.0000
119 	0 	0 	0 	0 	0 	0 	0 	0 	0 	0 	0 	0 	0 	4 	0 	0 	0 	0 	2 	0 	2.3592 		 	1.0000
120 	0 	0 	0 	0 	0 	0 	0 	0 	2 	0 	0 	0 	0 	0 	0 	0 	4 	0 	0 	0 	2.3592 		 	1.0000
121 	0 	0 	0 	0 	0 	0 	0 	0 	4 	0 	2 	0 	0 	0 	0 	0 	0 	0 	0 	0 	2.3592 		 	1.0000
122 	2 	0 	0 	0 	0 	0 	0 	0 	0 	0 	0 	0 	0 	4 	0 	0 	0 	0 	0 	0 	2.3592 		 	1.0000
123 	0 	0 	0 	0 	0 	6 	0 	0 	0 	0 	0 	0 	0 	0 	0 	0 	0 	0 	0 	0 	2.9957 		 	1.0000
124 	0 	0 	2 	0 	0 	0 	0 	0 	0 	0 	0 	0 	0 	0 	0 	0 	4 	0 	0 	0 	2.3592 		 	1.0000
125 	0 	0 	0 	0 	0 	0 	0 	0 	0 	0 	0 	0 	2 	0 	0 	0 	0 	0 	0 	0 	2.9957 		 	0.3333
126 	0 	0 	0 	0 	0 	0 	0 	0 	0 	0 	0 	0 	0 	0 	2 	0 	0 	0 	0 	0 	2.9957 		 	0.3333
127 	0 	0 	0 	0 	0 	0 	0 	0 	0 	0 	0 	0 	0 	0 	0 	0 	0 	0 	0 	2 	2.9957 		 	0.3333
128 	0 	0 	0 	2 	0 	0 	0 	0 	0 	0 	0 	0 	0 	0 	0 	0 	0 	0 	0 	0 	2.9957 		 	0.3333
129 	0 	0 	0 	2 	0 	0 	0 	0 	0 	0 	0 	0 	0 	0 	0 	0 	0 	0 	0 	0 	2.9957 		 	0.3333
130 	0 	0 	0 	0 	0 	0 	0 	0 	0 	0 	0 	0 	0 	0 	0 	2 	0 	0 	4 	0 	2.3592 		 	1.0000
131 	0 	0 	0 	0 	0 	0 	0 	0 	0 	6 	0 	0 	0 	0 	0 	0 	0 	0 	0 	0 	2.9957 		 	1.0000
132 	0 	0 	0 	0 	0 	0 	2 	0 	0 	0 	0 	4 	0 	0 	0 	0 	0 	0 	0 	0 	2.3592 		 	1.0000
133 	0 	0 	0 	0 	0 	0 	0 	0 	0 	0 	0 	2 	4 	0 	0 	0 	0 	0 	0 	0 	2.3592 		 	1.0000
134 	0 	0 	0 	0 	0 	4 	0 	0 	0 	0 	0 	0 	2 	0 	0 	0 	0 	0 	0 	0 	2.3592 		 	1.0000
135 	0 	0 	0 	0 	4 	0 	0 	0 	0 	0 	0 	0 	0 	0 	0 	0 	0 	0 	0 	2 	2.3592 		 	1.0000
136 	0 	0 	0 	0 	0 	0 	0 	0 	0 	0 	0 	0 	6 	0 	0 	0 	0 	0 	0 	0 	2.9957 		 	1.0000
137 	0 	0 	2 	0 	0 	0 	0 	0 	0 	0 	0 	0 	4 	0 	0 	0 	0 	0 	0 	0 	2.3592 		 	1.0000
138 	0 	0 	0 	0 	0 	0 	0 	0 	0 	0 	0 	0 	0 	4 	0 	0 	0 	0 	0 	2 	2.3592 		 	1.0000
139 	0 	0 	0 	0 	0 	0 	0 	0 	0 	0 	0 	0 	0 	0 	0 	4 	0 	0 	0 	0 	2.9957 		 	0.6667
140 	0 	4 	0 	0 	0 	0 	2 	0 	0 	0 	0 	0 	0 	0 	0 	0 	0 	0 	0 	0 	2.3592 		 	1.0000
141 	0 	0 	0 	0 	0 	4 	0 	0 	0 	0 	0 	0 	0 	0 	0 	0 	0 	0 	2 	0 	2.3592 		 	1.0000
142 	0 	0 	0 	0 	0 	0 	0 	0 	0 	2 	0 	0 	0 	0 	0 	0 	0 	0 	0 	4 	2.3592 		 	1.0000
143 	4 	0 	0 	0 	0 	0 	0 	0 	0 	0 	0 	0 	0 	0 	2 	0 	0 	0 	0 	0 	2.3592 		 	1.0000
144 	0 	0 	0 	0 	0 	0 	0 	0 	0 	0 	0 	0 	0 	0 	0 	0 	6 	0 	0 	0 	2.9957 		 	1.0000
145 	0 	0 	0 	0 	0 	0 	0 	0 	0 	0 	0 	0 	0 	0 	0 	0 	0 	6 	0 	0 	2.9957 		 	1.0000
146 	0 	0 	0 	0 	0 	0 	0 	0 	2 	0 	0 	0 	0 	0 	0 	0 	4 	0 	0 	0 	2.3592 		 	1.0000
147 	0 	0 	4 	0 	0 	0 	0 	0 	0 	0 	0 	0 	0 	0 	0 	0 	2 	0 	0 	0 	2.3592 		 	1.0000
148 	4 	0 	0 	0 	0 	0 	0 	0 	0 	0 	0 	0 	0 	0 	0 	0 	2 	0 	0 	0 	2.3592 		 	1.0000
149 	0 	0 	0 	4 	0 	0 	0 	0 	2 	0 	0 	0 	0 	0 	0 	0 	0 	0 	0 	0 	2.3592 		 	1.0000
150 	4 	0 	0 	2 	0 	0 	0 	0 	0 	0 	0 	0 	0 	0 	0 	0 	0 	0 	0 	0 	2.3592 		 	1.0000
151 	0 	0 	0 	0 	0 	0 	0 	0 	0 	0 	0 	0 	0 	0 	0 	2 	0 	4 	0 	0 	2.3592 		 	1.0000
152 	0 	0 	0 	0 	0 	0 	0 	4 	0 	2 	0 	0 	0 	0 	0 	0 	0 	0 	0 	0 	2.3592 		 	1.0000
153 	0 	0 	0 	0 	0 	0 	0 	0 	0 	0 	0 	0 	0 	0 	0 	0 	0 	6 	0 	0 	2.9957 		 	1.0000
154 	0 	0 	0 	0 	0 	0 	0 	2 	0 	0 	0 	0 	0 	4 	0 	0 	0 	0 	0 	0 	2.3592 		 	1.0000
155 	0 	0 	0 	0 	0 	0 	0 	2 	0 	0 	0 	0 	0 	0 	0 	0 	0 	4 	0 	0 	2.3592 		 	1.0000
156 	0 	0 	0 	0 	0 	0 	0 	0 	0 	0 	0 	0 	0 	0 	0 	2 	4 	0 	0 	0 	2.3592 		 	1.0000
157 	0 	0 	0 	0 	0 	0 	0 	0 	0 	0 	0 	0 	6 	0 	0 	0 	0 	0 	0 	0 	2.9957 		 	1.0000
158 	0 	0 	0 	0 	0 	0 	4 	0 	0 	0 	0 	0 	0 	0 	0 	2 	0 	0 	0 	0 	2.3592 		 	1.0000
159 	0 	0 	0 	0 	0 	0 	4 	0 	0 	0 	0 	0 	0 	0 	0 	0 	0 	2 	0 	0 	2.3592 		 	1.0000
160 	2 	0 	0 	0 	0 	0 	0 	0 	0 	0 	0 	0 	0 	0 	0 	0 	0 	4 	0 	0 	2.3592 		 	1.0000
161 	0 	0 	2 	0 	0 	0 	0 	0 	0 	4 	0 	0 	0 	0 	0 	0 	0 	0 	0 	0 	2.3592 		 	1.0000
162 	0 	0 	0 	0 	0 	0 	0 	0 	0 	2 	0 	0 	0 	0 	0 	0 	0 	4 	0 	0 	2.3592 		 	1.0000
163 	0 	0 	6 	0 	0 	0 	0 	0 	0 	0 	0 	0 	0 	0 	0 	0 	0 	0 	0 	0 	2.9957 		 	1.0000
164 	0 	0 	0 	4 	0 	0 	0 	0 	0 	0 	0 	0 	2 	0 	0 	0 	0 	0 	0 	0 	2.3592 		 	1.0000
165 	0 	0 	0 	0 	0 	0 	0 	0 	0 	0 	0 	0 	0 	0 	0 	0 	0 	0 	0 	6 	2.9957 		 	1.0000
166 	0 	0 	2 	0 	0 	0 	0 	0 	0 	0 	0 	0 	0 	0 	0 	0 	4 	0 	0 	0 	2.3592 		 	1.0000
167 	0 	0 	0 	0 	0 	4 	0 	0 	0 	0 	0 	0 	0 	0 	2 	0 	0 	0 	0 	0 	2.3592 		 	1.0000
168 	0 	0 	0 	4 	0 	0 	0 	0 	0 	0 	0 	0 	0 	0 	0 	2 	0 	0 	0 	0 	2.3592 		 	1.0000
169 	0 	0 	0 	0 	0 	0 	0 	0 	0 	2 	0 	0 	0 	0 	0 	0 	0 	0 	4 	0 	2.3592 		 	1.0000
170 	0 	0 	0 	0 	0 	0 	2 	0 	0 	0 	0 	0 	0 	0 	0 	0 	0 	4 	0 	0 	2.3592 		 	1.0000
171 	0 	0 	4 	0 	0 	0 	0 	0 	0 	0 	0 	0 	0 	0 	0 	2 	0 	0 	0 	0 	2.3592 		 	1.0000
172 	0 	0 	0 	0 	0 	0 	0 	0 	0 	0 	0 	0 	0 	0 	2 	4 	0 	0 	0 	0 	2.3592 		 	1.0000
173 	0 	0 	0 	0 	0 	0 	0 	0 	0 	0 	0 	0 	0 	4 	0 	0 	0 	2 	0 	0 	2.3592 		 	1.0000
174 	0 	0 	0 	0 	6 	0 	0 	0 	0 	0 	0 	0 	0 	0 	0 	0 	0 	0 	0 	0 	2.9957 		 	1.0000
175 	0 	0 	0 	0 	0 	0 	0 	4 	0 	0 	0 	0 	2 	0 	0 	0 	0 	0 	0 	0 	2.3592 		 	1.0000
176 	0 	0 	0 	0 	0 	2 	0 	0 	0 	0 	0 	4 	0 	0 	0 	0 	0 	0 	0 	0 	2.3592 		 	1.0000
177 	0 	0 	0 	0 	0 	6 	0 	0 	0 	0 	0 	0 	0 	0 	0 	0 	0 	0 	0 	0 	2.9957 		 	1.0000
178 	0 	0 	0 	0 	0 	0 	0 	0 	4 	0 	0 	2 	0 	0 	0 	0 	0 	0 	0 	0 	2.3592 		 	1.0000
179 	0 	6 	0 	0 	0 	0 	0 	0 	0 	0 	0 	0 	0 	0 	0 	0 	0 	0 	0 	0 	2.9957 		 	1.0000
180 	0 	0 	0 	0 	0 	0 	0 	0 	0 	0 	0 	0 	0 	0 	0 	6 	0 	0 	0 	0 	2.9957 		 	1.0000
181 	0 	0 	1 	0 	0 	2 	0 	0 	0 	0 	0 	3 	0 	0 	0 	0 	0 	0 	0 	0 	1.9843 		 	1.0000
182 	0 	0 	0 	0 	0 	0 	0 	0 	0 	0 	0 	0 	0 	0 	0 	0 	0 	2 	0 	0 	2.9957 		 	0.3333
183 	2 	0 	0 	0 	0 	0 	0 	0 	0 	0 	0 	0 	0 	0 	0 	0 	0 	0 	0 	0 	2.9957 		 	0.3333
184 	0 	0 	0 	0 	0 	0 	0 	0 	0 	0 	0 	0 	0 	0 	0 	0 	0 	2 	0 	0 	2.9957 		 	0.3333
185 	0 	0 	0 	0 	0 	0 	0 	0 	0 	0 	0 	0 	0 	0 	0 	2 	0 	0 	0 	0 	2.9957 		 	0.3333
186 	0 	0 	0 	0 	0 	0 	0 	0 	0 	0 	0 	0 	0 	0 	0 	2 	0 	0 	0 	0 	2.9957 		 	0.3333
187 	0 	0 	3 	0 	0 	0 	0 	0 	0 	0 	0 	0 	0 	0 	0 	0 	2 	0 	0 	1 	1.9843 		 	1.0000
188 	0 	0 	0 	0 	0 	0 	0 	4 	0 	0 	0 	0 	0 	0 	0 	0 	0 	0 	0 	2 	2.3592 		 	1.0000
189 	0 	6 	0 	0 	0 	0 	0 	0 	0 	0 	0 	0 	0 	0 	0 	0 	0 	0 	0 	0 	2.9957 		 	1.0000
190 	0 	0 	0 	0 	0 	0 	0 	0 	0 	1 	0 	0 	3 	0 	0 	2 	0 	0 	0 	0 	1.9843 		 	1.0000
191 	0 	0 	0 	0 	0 	0 	0 	0 	0 	0 	0 	0 	0 	0 	0 	0 	6 	0 	0 	0 	2.9957 		 	1.0000
192 	0 	0 	0 	0 	0 	0 	0 	0 	0 	0 	0 	2 	0 	0 	0 	0 	0 	4 	0 	0 	2.3592 		 	1.0000
193 	0 	0 	0 	0 	0 	0 	6 	0 	0 	0 	0 	0 	0 	0 	0 	0 	0 	0 	0 	0 	2.9957 		 	1.0000
194 	0 	0 	2 	0 	0 	0 	0 	0 	0 	0 	0 	4 	0 	0 	0 	0 	0 	0 	0 	0 	2.3592 		 	1.0000
195 	0 	0 	0 	0 	0 	0 	0 	0 	0 	0 	0 	0 	0 	0 	0 	4 	0 	0 	0 	2 	2.3592 		 	1.0000
196 	0 	0 	0 	0 	0 	0 	0 	0 	0 	0 	0 	0 	0 	0 	0 	0 	6 	0 	0 	0 	2.9957 		 	1.0000
197 	0 	0 	0 	0 	0 	0 	0 	2 	0 	0 	0 	0 	0 	0 	0 	0 	4 	0 	0 	0 	2.3592 		 	1.0000
198 	0 	0 	0 	0 	0 	0 	0 	0 	0 	0 	0 	0 	0 	0 	0 	0 	0 	0 	6 	0 	2.9957 		 	1.0000
199 	0 	0 	0 	0 	0 	0 	4 	0 	0 	0 	2 	0 	0 	0 	0 	0 	0 	0 	0 	0 	2.3592 		 	1.0000
200 	0 	0 	0 	0 	0 	0 	0 	0 	0 	0 	0 	0 	2 	0 	0 	4 	0 	0 	0 	0 	2.3592 		 	1.0000
201 	0 	0 	4 	2 	0 	0 	0 	0 	0 	0 	0 	0 	0 	0 	0 	0 	0 	0 	0 	0 	2.3592 		 	1.0000
202 	0 	0 	0 	0 	0 	0 	0 	0 	0 	0 	0 	2 	0 	0 	0 	0 	0 	0 	0 	4 	2.3592 		 	1.0000
203 	0 	0 	0 	0 	0 	0 	0 	0 	4 	0 	0 	0 	2 	0 	0 	0 	0 	0 	0 	0 	2.3592 		 	1.0000
204 	0 	0 	0 	0 	0 	0 	0 	0 	0 	0 	0 	0 	0 	0 	2 	0 	0 	4 	0 	0 	2.3592 		 	1.0000
205 	0 	0 	0 	0 	0 	0 	0 	0 	4 	2 	0 	0 	0 	0 	0 	0 	0 	0 	0 	0 	2.3592 		 	1.0000
206 	0 	0 	0 	0 	0 	6 	0 	0 	0 	0 	0 	0 	0 	0 	0 	0 	0 	0 	0 	0 	2.9957 		 	1.0000
207 	0 	0 	0 	0 	0 	0 	0 	0 	0 	4 	2 	0 	0 	0 	0 	0 	0 	0 	0 	0 	2.3592 		 	1.0000
208 	0 	4 	0 	0 	0 	0 	0 	0 	0 	0 	0 	0 	0 	0 	0 	2 	0 	0 	0 	0 	2.3592 		 	1.0000
209 	0 	2 	4 	0 	0 	0 	0 	0 	0 	0 	0 	0 	0 	0 	0 	0 	0 	0 	0 	0 	2.3592 		 	1.0000
210 	0 	0 	0 	0 	0 	0 	0 	0 	0 	0 	0 	0 	0 	0 	0 	4 	0 	0 	0 	0 	2.9957 		 	0.6667
211 	0 	0 	0 	0 	0 	0 	0 	0 	0 	0 	0 	4 	0 	0 	0 	0 	0 	0 	0 	0 	2.9957 		 	0.6667
212 	0 	0 	0 	0 	0 	0 	0 	0 	0 	4 	0 	0 	0 	0 	0 	0 	0 	0 	0 	0 	2.9957 		 	0.6667
213 	0 	0 	0 	0 	0 	0 	0 	4 	0 	0 	0 	0 	0 	0 	0 	0 	0 	0 	0 	0 	2.9957 		 	0.6667
214 	0 	0 	0 	0 	0 	0 	0 	0 	0 	0 	0 	0 	0 	0 	0 	4 	0 	0 	0 	0 	2.9957 		 	0.6667
215 	0 	0 	0 	0 	0 	0 	0 	0 	0 	0 	4 	0 	0 	0 	0 	0 	0 	0 	0 	0 	2.9957 		 	0.6667
216 	0 	0 	4 	0 	0 	0 	0 	0 	0 	0 	0 	0 	0 	0 	0 	0 	0 	0 	0 	0 	2.9957 		 	0.6667
217 	0 	0 	2 	0 	0 	0 	0 	4 	0 	0 	0 	0 	0 	0 	0 	0 	0 	0 	0 	0 	2.3592 		 	1.0000
218 	0 	0 	0 	0 	0 	0 	0 	2 	0 	0 	0 	0 	0 	0 	0 	0 	4 	0 	0 	0 	2.3592 		 	1.0000
219 	0 	0 	0 	0 	6 	0 	0 	0 	0 	0 	0 	0 	0 	0 	0 	0 	0 	0 	0 	0 	2.9957 		 	1.0000
220 	0 	0 	0 	0 	4 	0 	0 	0 	0 	0 	0 	0 	0 	0 	0 	0 	2 	0 	0 	0 	2.3592 		 	1.0000
221 	0 	0 	0 	0 	0 	0 	0 	0 	0 	0 	0 	2 	0 	0 	0 	4 	0 	0 	0 	0 	2.3592 		 	1.0000
222 	0 	0 	0 	4 	0 	0 	0 	0 	0 	0 	0 	0 	0 	0 	0 	2 	0 	0 	0 	0 	2.3592 		 	1.0000
223 	0 	0 	4 	0 	0 	0 	0 	0 	0 	0 	0 	0 	0 	0 	2 	0 	0 	0 	0 	0 	2.3592 		 	1.0000
224 	0 	0 	0 	0 	0 	6 	0 	0 	0 	0 	0 	0 	0 	0 	0 	0 	0 	0 	0 	0 	2.9957 		 	1.0000
225 	0 	0 	0 	4 	0 	0 	0 	0 	2 	0 	0 	0 	0 	0 	0 	0 	0 	0 	0 	0 	2.3592 		 	1.0000
226 	0 	0 	0 	0 	0 	0 	0 	0 	0 	4 	0 	0 	0 	0 	2 	0 	0 	0 	0 	0 	2.3592 		 	1.0000
227 	2 	0 	0 	0 	0 	0 	0 	0 	0 	0 	0 	0 	0 	0 	0 	4 	0 	0 	0 	0 	2.3592 		 	1.0000
228 	0 	0 	0 	0 	0 	0 	0 	0 	0 	0 	0 	0 	0 	0 	0 	6 	0 	0 	0 	0 	2.9957 		 	1.0000
229 	0 	0 	0 	0 	0 	0 	0 	0 	2 	4 	0 	0 	0 	0 	0 	0 	0 	0 	0 	0 	2.3592 		 	1.0000
230 	0 	0 	0 	0 	0 	6 	0 	0 	0 	0 	0 	0 	0 	0 	0 	0 	0 	0 	0 	0 	2.9957 		 	1.0000
231 	0 	0 	0 	0 	0 	0 	0 	0 	4 	0 	0 	0 	0 	0 	0 	2 	0 	0 	0 	0 	2.3592 		 	1.0000
232 	1 	0 	0 	5 	0 	0 	0 	0 	0 	0 	0 	0 	0 	0 	0 	0 	0 	0 	0 	0 	2.5452 		 	1.0000
233 	0 	0 	0 	0 	0 	4 	0 	0 	0 	0 	0 	0 	0 	0 	0 	0 	2 	0 	0 	0 	2.3592 		 	1.0000
234 	0 	2 	0 	0 	0 	0 	0 	0 	0 	0 	0 	0 	0 	0 	0 	0 	4 	0 	0 	0 	2.3592 		 	1.0000
235 	0 	0 	0 	0 	0 	6 	0 	0 	0 	0 	0 	0 	0 	0 	0 	0 	0 	0 	0 	0 	2.9957 		 	1.0000
236 	0 	0 	0 	0 	5 	0 	0 	0 	0 	0 	0 	0 	0 	0 	0 	0 	0 	0 	0 	0 	2.9957 		 	0.8333
237 	0 	0 	0 	0 	0 	0 	0 	0 	0 	0 	0 	0 	0 	0 	4 	0 	0 	1 	0 	0 	2.4953 		 	0.8333
238 	0 	0 	1 	0 	0 	0 	0 	0 	0 	0 	0 	0 	0 	0 	0 	4 	0 	0 	0 	0 	2.4953 		 	0.8333
239 	0 	0 	0 	1 	0 	0 	0 	0 	0 	0 	0 	4 	0 	0 	0 	0 	0 	0 	0 	0 	2.4953 		 	0.8333
240 	0 	0 	0 	0 	0 	0 	1 	0 	0 	0 	0 	0 	0 	0 	1 	0 	0 	0 	0 	3 	2.0455 		 	0.8333
241 	0 	0 	0 	0 	4 	1 	0 	0 	0 	0 	0 	0 	0 	0 	0 	0 	0 	0 	0 	0 	2.4953 		 	0.8333
242 	4 	0 	0 	0 	0 	0 	0 	0 	0 	1 	0 	0 	0 	0 	0 	0 	0 	0 	0 	0 	2.4953 		 	0.8333
243 	0 	0 	0 	0 	0 	0 	0 	0 	0 	0 	0 	0 	0 	0 	0 	0 	0 	0 	0 	5 	2.9957 		 	0.8333
244 	0 	0 	0 	4 	0 	0 	0 	0 	1 	0 	0 	0 	0 	0 	0 	0 	0 	0 	0 	0 	2.4953 		 	0.8333
245 	0 	0 	0 	0 	0 	0 	0 	0 	0 	0 	0 	0 	0 	0 	0 	1 	4 	0 	0 	0 	2.4953 		 	0.8333
246 	0 	0 	0 	0 	0 	4 	0 	0 	0 	1 	0 	0 	0 	0 	0 	0 	0 	0 	0 	0 	2.4953 		 	0.8333
247 	0 	0 	3 	0 	0 	1 	0 	0 	1 	0 	0 	0 	0 	0 	0 	0 	0 	0 	0 	0 	2.0455 		 	0.8333
248 	0 	0 	0 	0 	0 	1 	0 	0 	4 	0 	0 	0 	0 	0 	0 	0 	0 	0 	0 	0 	2.4953 		 	0.8333
249 	5 	0 	0 	0 	0 	0 	0 	0 	0 	0 	0 	0 	0 	0 	0 	0 	0 	0 	0 	0 	2.9957 		 	0.8333
250 	0 	5 	0 	0 	0 	0 	0 	0 	0 	0 	0 	0 	0 	0 	0 	0 	0 	0 	0 	0 	2.9957 		 	0.8333
251 	0 	0 	0 	0 	0 	0 	0 	0 	5 	0 	0 	0 	0 	0 	0 	0 	0 	0 	0 	0 	2.9957 		 	0.8333
252 	0 	0 	0 	0 	0 	0 	0 	0 	0 	1 	4 	0 	0 	0 	0 	0 	0 	0 	0 	0 	2.4953 		 	0.8333
253 	0 	0 	0 	0 	0 	0 	0 	0 	1 	0 	0 	0 	0 	4 	0 	0 	0 	0 	0 	0 	2.4953 		 	0.8333
254 	0 	0 	0 	0 	0 	0 	0 	0 	0 	1 	0 	0 	0 	0 	0 	0 	0 	0 	0 	4 	2.4953 		 	0.8333
255 	0 	5 	0 	0 	0 	0 	0 	0 	0 	0 	0 	0 	0 	0 	0 	0 	0 	0 	0 	0 	2.9957 		 	0.8333
256 	0 	0 	0 	0 	0 	1 	0 	0 	4 	0 	0 	0 	0 	0 	0 	0 	0 	0 	0 	0 	2.4953 		 	0.8333
257 	0 	0 	0 	0 	0 	0 	4 	0 	0 	0 	0 	0 	0 	0 	0 	0 	0 	1 	0 	0 	2.4953 		 	0.8333
258 	0 	0 	0 	0 	0 	0 	0 	0 	0 	1 	0 	0 	0 	0 	0 	0 	0 	0 	4 	0 	2.4953 		 	0.8333
259 	0 	0 	0 	0 	0 	5 	0 	0 	0 	0 	0 	0 	0 	0 	0 	0 	0 	0 	0 	0 	2.9957 		 	0.8333
260 	0 	0 	0 	0 	0 	0 	0 	0 	0 	1 	0 	0 	0 	0 	0 	0 	0 	4 	0 	0 	2.4953 		 	0.8333
261 	0 	0 	0 	0 	0 	0 	0 	0 	0 	0 	0 	0 	0 	0 	5 	0 	0 	0 	0 	0 	2.9957 		 	0.8333
262 	0 	0 	0 	0 	0 	0 	0 	0 	0 	5 	0 	0 	0 	0 	0 	0 	0 	0 	0 	0 	2.9957 		 	0.8333
263 	0 	0 	0 	0 	0 	0 	0 	0 	0 	0 	1 	0 	4 	0 	0 	0 	0 	0 	0 	0 	2.4953 		 	0.8333
264 	0 	0 	1 	0 	0 	0 	0 	0 	0 	0 	0 	0 	0 	0 	0 	4 	0 	0 	0 	0 	2.4953 		 	0.8333
265 	0 	0 	0 	0 	0 	5 	0 	0 	0 	0 	0 	0 	0 	0 	0 	0 	0 	0 	0 	0 	2.9957 		 	0.8333
266 	0 	0 	0 	0 	0 	0 	0 	0 	0 	0 	0 	0 	0 	0 	0 	0 	1 	4 	0 	0 	2.4953 		 	0.8333
267 	0 	0 	0 	0 	0 	0 	0 	0 	0 	0 	0 	0 	0 	0 	0 	0 	0 	0 	5 	0 	2.9957 		 	0.8333
268 	0 	0 	0 	0 	4 	0 	0 	0 	0 	0 	0 	0 	0 	0 	0 	0 	0 	1 	0 	0 	2.4953 		 	0.8333
269 	1 	0 	0 	4 	0 	0 	0 	0 	0 	0 	0 	0 	0 	0 	0 	0 	0 	0 	0 	0 	2.4953 		 	0.8333
270 	0 	0 	0 	0 	0 	0 	0 	0 	0 	0 	5 	0 	0 	0 	0 	0 	0 	0 	0 	0 	2.9957 		 	0.8333
271 	4 	0 	0 	0 	0 	0 	0 	0 	0 	0 	0 	0 	0 	1 	0 	0 	0 	0 	0 	0 	2.4953 		 	0.8333
272 	0 	0 	4 	0 	0 	0 	0 	0 	0 	0 	0 	0 	0 	0 	0 	0 	1 	0 	0 	0 	2.4953 		 	0.8333
273 	0 	0 	0 	0 	0 	0 	0 	0 	3 	0 	0 	0 	0 	1 	0 	1 	0 	0 	0 	0 	2.0455 		 	0.8333
274 	0 	0 	3 	0 	0 	0 	0 	0 	0 	0 	0 	2 	0 	0 	0 	0 	0 	0 	0 	0 	2.3227 		 	0.8333
275 	0 	0 	0 	1 	0 	0 	0 	0 	0 	4 	0 	0 	0 	0 	0 	0 	0 	0 	0 	0 	2.4953 		 	0.8333
276 	0 	0 	0 	0 	4 	0 	0 	0 	0 	0 	0 	0 	0 	0 	0 	0 	0 	0 	0 	0 	2.9957 		 	0.6667
277 	4 	0 	0 	0 	0 	0 	0 	0 	0 	0 	0 	0 	0 	0 	0 	0 	0 	0 	0 	0 	2.9957 		 	0.6667
278 	4 	0 	0 	0 	0 	0 	0 	0 	0 	0 	0 	0 	0 	0 	0 	0 	0 	0 	0 	0 	2.9957 		 	0.6667
279 	4 	0 	0 	0 	0 	0 	0 	0 	0 	0 	0 	0 	0 	0 	0 	0 	0 	0 	0 	0 	2.9957 		 	0.6667
280 	0 	0 	0 	0 	0 	0 	0 	0 	2 	0 	0 	0 	0 	0 	2 	0 	0 	0 	0 	0 	2.3026 		 	0.6667
281 	0 	0 	0 	0 	4 	0 	0 	0 	0 	0 	0 	0 	0 	0 	0 	0 	1 	0 	0 	0 	2.4953 		 	0.8333
282 	0 	0 	0 	0 	0 	0 	0 	0 	1 	0 	0 	0 	4 	0 	0 	0 	0 	0 	0 	0 	2.4953 		 	0.8333
283 	0 	0 	0 	4 	0 	0 	0 	0 	0 	0 	0 	0 	0 	0 	0 	0 	0 	0 	1 	0 	2.4953 		 	0.8333
284 	0 	5 	0 	0 	0 	0 	0 	0 	0 	0 	0 	0 	0 	0 	0 	0 	0 	0 	0 	0 	2.9957 		 	0.8333
285 	0 	0 	0 	0 	0 	0 	0 	0 	0 	0 	0 	0 	5 	0 	0 	0 	0 	0 	0 	0 	2.9957 		 	0.8333
286 	0 	0 	0 	4 	0 	0 	0 	0 	0 	0 	0 	0 	1 	0 	0 	0 	0 	0 	0 	0 	2.4953 		 	0.8333
287 	0 	0 	0 	0 	0 	5 	0 	0 	0 	0 	0 	0 	0 	0 	0 	0 	0 	0 	0 	0 	2.9957 		 	0.8333
288 	0 	0 	0 	0 	0 	0 	0 	0 	0 	0 	0 	0 	0 	1 	0 	4 	0 	0 	0 	0 	2.4953 		 	0.8333
289 	0 	0 	0 	0 	0 	0 	0 	0 	0 	1 	0 	0 	0 	0 	0 	4 	0 	0 	0 	0 	2.4953 		 	0.8333
290 	0 	0 	0 	0 	0 	0 	0 	4 	0 	0 	0 	0 	0 	0 	0 	0 	0 	1 	0 	0 	2.4953 		 	0.8333
291 	0 	0 	0 	0 	0 	0 	0 	0 	0 	0 	0 	1 	0 	0 	0 	4 	0 	0 	0 	0 	2.4953 		 	0.8333
292 	4 	0 	0 	0 	0 	0 	0 	0 	0 	1 	0 	0 	0 	0 	0 	0 	0 	0 	0 	0 	2.4953 		 	0.8333
293 	0 	0 	0 	0 	0 	0 	1 	0 	0 	0 	0 	0 	4 	0 	0 	0 	0 	0 	0 	0 	2.4953 		 	0.8333
294 	0 	0 	1 	0 	0 	0 	0 	0 	0 	0 	0 	0 	0 	0 	0 	4 	0 	0 	0 	0 	2.4953 		 	0.8333
295 	0 	0 	0 	0 	1 	0 	0 	0 	0 	0 	0 	0 	0 	4 	0 	0 	0 	0 	0 	0 	2.4953 		 	0.8333
296 	0 	0 	0 	0 	0 	0 	0 	0 	0 	0 	0 	0 	0 	0 	1 	0 	4 	0 	0 	0 	2.4953 		 	0.8333
297 	0 	0 	0 	0 	0 	0 	0 	0 	0 	0 	0 	0 	0 	0 	0 	5 	0 	0 	0 	0 	2.9957 		 	0.8333
298 	0 	0 	1 	0 	0 	0 	0 	0 	0 	0 	0 	0 	0 	0 	0 	0 	0 	4 	0 	0 	2.4953 		 	0.8333
299 	0 	0 	4 	1 	0 	0 	0 	0 	0 	0 	0 	0 	0 	0 	0 	0 	0 	0 	0 	0 	2.4953 		 	0.8333
300 	0 	0 	0 	0 	0 	0 	0 	1 	0 	0 	0 	0 	0 	0 	0 	0 	0 	4 	0 	0 	2.4953 		 	0.8333
301 	0 	0 	0 	1 	0 	0 	0 	0 	0 	0 	0 	0 	0 	0 	0 	4 	0 	0 	0 	0 	2.4953 		 	0.8333
302 	0 	0 	0 	0 	0 	0 	1 	0 	0 	4 	0 	0 	0 	0 	0 	0 	0 	0 	0 	0 	2.4953 		 	0.8333
303 	0 	0 	0 	0 	0 	0 	0 	4 	0 	1 	0 	0 	0 	0 	0 	0 	0 	0 	0 	0 	2.4953 		 	0.8333
304 	0 	0 	0 	0 	0 	0 	0 	0 	0 	0 	0 	0 	0 	4 	0 	0 	0 	1 	0 	0 	2.4953 		 	0.8333
305 	0 	0 	4 	0 	0 	0 	0 	0 	0 	0 	0 	0 	0 	0 	0 	0 	0 	1 	0 	0 	2.4953 		 	0.8333
306 	0 	0 	0 	1 	0 	0 	0 	0 	0 	0 	0 	0 	0 	0 	0 	0 	0 	4 	0 	0 	2.4953 		 	0.8333
307 	0 	0 	0 	5 	0 	0 	0 	0 	0 	0 	0 	0 	0 	0 	0 	0 	0 	0 	0 	0 	2.9957 		 	0.8333
308 	0 	0 	0 	0 	0 	0 	0 	0 	0 	1 	0 	0 	0 	0 	4 	0 	0 	0 	0 	0 	2.4953 		 	0.8333
309 	0 	0 	0 	0 	0 	0 	0 	4 	0 	0 	0 	0 	0 	0 	0 	0 	0 	1 	0 	0 	2.4953 		 	0.8333
310 	0 	0 	0 	0 	0 	0 	0 	0 	1 	4 	0 	0 	0 	0 	0 	0 	0 	0 	0 	0 	2.4953 		 	0.8333
311 	0 	0 	4 	0 	0 	0 	0 	0 	1 	0 	0 	0 	0 	0 	0 	0 	0 	0 	0 	0 	2.4953 		 	0.8333
312 	0 	0 	0 	0 	0 	0 	0 	0 	0 	0 	0 	0 	0 	0 	1 	0 	0 	0 	0 	4 	2.4953 		 	0.8333
313 	0 	0 	0 	1 	0 	0 	0 	0 	0 	0 	0 	0 	0 	0 	0 	4 	0 	0 	0 	0 	2.4953 		 	0.8333
314 	0 	0 	0 	1 	0 	0 	0 	0 	0 	4 	0 	0 	0 	0 	0 	0 	0 	0 	0 	0 	2.4953 		 	0.8333
315 	0 	5 	0 	0 	0 	0 	0 	0 	0 	0 	0 	0 	0 	0 	0 	0 	0 	0 	0 	0 	2.9957 		 	0.8333
316 	0 	0 	0 	0 	0 	0 	0 	0 	0 	1 	0 	0 	0 	4 	0 	0 	0 	0 	0 	0 	2.4953 		 	0.8333
317 	0 	0 	1 	4 	0 	0 	0 	0 	0 	0 	0 	0 	0 	0 	0 	0 	0 	0 	0 	0 	2.4953 		 	0.8333
318 	1 	0 	0 	0 	0 	0 	0 	0 	0 	0 	0 	0 	0 	0 	0 	0 	4 	0 	0 	0 	2.4953 		 	0.8333
319 	0 	0 	0 	0 	0 	0 	0 	0 	0 	1 	0 	0 	0 	0 	0 	0 	0 	0 	4 	0 	2.4953 		 	0.8333
320 	0 	0 	0 	1 	0 	0 	0 	0 	0 	0 	0 	0 	0 	0 	0 	4 	0 	0 	0 	0 	2.4953 		 	0.8333
321 	0 	0 	0 	0 	0 	0 	0 	0 	4 	0 	0 	0 	0 	0 	0 	1 	0 	0 	0 	0 	2.4953 		 	0.8333
322 	0 	0 	0 	0 	0 	0 	0 	5 	0 	0 	0 	0 	0 	0 	0 	0 	0 	0 	0 	0 	2.9957 		 	0.8333
323 	0 	0 	0 	0 	0 	1 	0 	0 	0 	0 	1 	0 	0 	0 	3 	0 	0 	0 	0 	0 	2.0455 		 	0.8333
324 	4 	0 	0 	0 	0 	0 	0 	0 	0 	0 	0 	0 	0 	0 	0 	0 	1 	0 	0 	0 	2.4953 		 	0.8333
325 	0 	0 	0 	0 	0 	4 	0 	0 	0 	0 	0 	0 	0 	0 	0 	0 	1 	0 	0 	0 	2.4953 		 	0.8333
326 	0 	0 	0 	0 	0 	0 	0 	0 	1 	4 	0 	0 	0 	0 	0 	0 	0 	0 	0 	0 	2.4953 		 	0.8333
327 	0 	0 	0 	0 	0 	0 	0 	0 	0 	0 	0 	0 	4 	0 	0 	1 	0 	0 	0 	0 	2.4953 		 	0.8333
328 	0 	0 	0 	0 	0 	0 	0 	4 	0 	0 	0 	0 	0 	0 	0 	0 	0 	1 	0 	0 	2.4953 		 	0.8333
329 	0 	0 	0 	0 	0 	0 	0 	0 	0 	0 	0 	0 	0 	0 	0 	5 	0 	0 	0 	0 	2.9957 		 	0.8333
330 	0 	0 	0 	0 	1 	0 	0 	0 	0 	0 	0 	0 	4 	0 	0 	0 	0 	0 	0 	0 	2.4953 		 	0.8333
331 	0 	0 	0 	0 	0 	0 	0 	0 	0 	0 	0 	0 	0 	0 	1 	0 	0 	4 	0 	0 	2.4953 		 	0.8333
332 	0 	0 	4 	0 	0 	0 	0 	0 	0 	0 	0 	0 	0 	0 	1 	0 	0 	0 	0 	0 	2.4953 		 	0.8333
333 	0 	0 	0 	0 	0 	0 	0 	0 	0 	5 	0 	0 	0 	0 	0 	0 	0 	0 	0 	0 	2.9957 		 	0.8333
334 	0 	0 	0 	0 	0 	0 	0 	0 	0 	0 	0 	0 	0 	0 	0 	5 	0 	0 	0 	0 	2.9957 		 	0.8333
335 	0 	0 	0 	0 	0 	0 	1 	0 	0 	0 	0 	0 	0 	0 	0 	0 	0 	0 	0 	4 	2.4953 		 	0.8333
336 	0 	0 	0 	0 	0 	0 	0 	0 	0 	5 	0 	0 	0 	0 	0 	0 	0 	0 	0 	0 	2.9957 		 	0.8333
337 	4 	0 	0 	0 	0 	0 	0 	0 	0 	0 	0 	0 	0 	0 	1 	0 	0 	0 	0 	0 	2.4953 		 	0.8333
338 	0 	0 	0 	0 	0 	0 	0 	0 	1 	0 	0 	0 	4 	0 	0 	0 	0 	0 	0 	0 	2.4953 		 	0.8333
339 	0 	0 	0 	0 	0 	0 	0 	0 	4 	1 	0 	0 	0 	0 	0 	0 	0 	0 	0 	0 	2.4953 		 	0.8333
340 	0 	0 	0 	0 	0 	0 	0 	0 	0 	0 	0 	4 	0 	0 	0 	0 	0 	1 	0 	0 	2.4953 		 	0.8333
341 	0 	0 	0 	0 	0 	0 	0 	0 	0 	0 	0 	0 	5 	0 	0 	0 	0 	0 	0 	0 	2.9957 		 	0.8333
342 	0 	0 	0 	0 	0 	5 	0 	0 	0 	0 	0 	0 	0 	0 	0 	0 	0 	0 	0 	0 	2.9957 		 	0.8333
343 	0 	0 	0 	0 	1 	0 	0 	0 	0 	0 	0 	0 	0 	0 	0 	0 	4 	0 	0 	0 	2.4953 		 	0.8333
344 	0 	0 	0 	0 	0 	5 	0 	0 	0 	0 	0 	0 	0 	0 	0 	0 	0 	0 	0 	0 	2.9957 		 	0.8333
345 	0 	0 	0 	0 	0 	0 	0 	0 	1 	0 	0 	0 	4 	0 	0 	0 	0 	0 	0 	0 	2.4953 		 	0.8333
346 	5 	0 	0 	0 	0 	0 	0 	0 	0 	0 	0 	0 	0 	0 	0 	0 	0 	0 	0 	0 	2.9957 		 	0.8333
347 	0 	0 	0 	0 	4 	0 	0 	0 	0 	0 	0 	0 	0 	0 	0 	0 	0 	0 	0 	1 	2.4953 		 	0.8333
348 	0 	0 	0 	0 	0 	0 	0 	0 	0 	0 	0 	0 	0 	0 	0 	0 	5 	0 	0 	0 	2.9957 		 	0.8333
349 	0 	0 	0 	0 	0 	0 	0 	5 	0 	0 	0 	0 	0 	0 	0 	0 	0 	0 	0 	0 	2.9957 		 	0.8333
350 	0 	0 	0 	0 	1 	0 	0 	4 	0 	0 	0 	0 	0 	0 	0 	0 	0 	0 	0 	0 	2.4953 		 	0.8333
351 	0 	0 	0 	0 	0 	0 	0 	0 	0 	0 	0 	5 	0 	0 	0 	0 	0 	0 	0 	0 	2.9957 		 	0.8333
352 	0 	0 	0 	0 	0 	4 	0 	0 	1 	0 	0 	0 	0 	0 	0 	0 	0 	0 	0 	0 	2.4953 		 	0.8333
353 	0 	0 	0 	0 	0 	0 	0 	0 	0 	0 	0 	0 	0 	0 	0 	0 	5 	0 	0 	0 	2.9957 		 	0.8333
354 	0 	0 	0 	0 	0 	0 	0 	0 	0 	5 	0 	0 	0 	0 	0 	0 	0 	0 	0 	0 	2.9957 		 	0.8333
355 	0 	0 	0 	0 	0 	0 	0 	0 	4 	0 	1 	0 	0 	0 	0 	0 	0 	0 	0 	0 	2.4953 		 	0.8333
356 	0 	0 	0 	1 	0 	0 	0 	0 	0 	0 	0 	0 	0 	0 	0 	0 	0 	0 	0 	4 	2.4953 		 	0.8333
357 	1 	0 	0 	0 	4 	0 	0 	0 	0 	0 	0 	0 	0 	0 	0 	0 	0 	0 	0 	0 	2.4953 		 	0.8333
358 	0 	0 	1 	4 	0 	0 	0 	0 	0 	0 	0 	0 	0 	0 	0 	0 	0 	0 	0 	0 	2.4953 		 	0.8333
359 	1 	0 	0 	0 	0 	0 	0 	0 	0 	0 	0 	0 	0 	0 	0 	0 	4 	0 	0 	0 	2.4953 		 	0.8333
360 	0 	0 	0 	0 	0 	0 	1 	0 	0 	0 	0 	0 	0 	0 	4 	0 	0 	0 	0 	0 	2.4953 		 	0.8333
361 	0 	0 	0 	0 	0 	0 	0 	0 	0 	0 	0 	0 	0 	0 	0 	0 	0 	0 	0 	5 	2.9957 		 	0.8333
362 	0 	0 	0 	0 	0 	0 	0 	4 	1 	0 	0 	0 	0 	0 	0 	0 	0 	0 	0 	0 	2.4953 		 	0.8333
363 	0 	0 	0 	0 	0 	0 	0 	0 	0 	0 	0 	0 	0 	0 	4 	1 	0 	0 	0 	0 	2.4953 		 	0.8333
364 	0 	0 	0 	0 	0 	0 	0 	0 	0 	0 	0 	0 	0 	0 	0 	0 	0 	5 	0 	0 	2.9957 		 	0.8333
365 	0 	0 	4 	0 	0 	0 	0 	0 	0 	0 	0 	0 	0 	0 	1 	0 	0 	0 	0 	0 	2.4953 		 	0.8333
366 	0 	0 	0 	0 	0 	0 	0 	4 	0 	0 	0 	0 	0 	0 	0 	0 	1 	0 	0 	0 	2.4953 		 	0.8333
367 	4 	0 	0 	0 	0 	0 	0 	0 	0 	0 	0 	0 	0 	0 	0 	0 	0 	0 	1 	0 	2.4953 		 	0.8333
368 	4 	0 	0 	0 	0 	0 	0 	0 	0 	0 	0 	1 	0 	0 	0 	0 	0 	0 	0 	0 	2.4953 		 	0.8333
369 	0 	0 	0 	1 	0 	0 	0 	0 	0 	0 	0 	0 	4 	0 	0 	0 	0 	0 	0 	0 	2.4953 		 	0.8333
370 	0 	0 	0 	0 	0 	0 	0 	5 	0 	0 	0 	0 	0 	0 	0 	0 	0 	0 	0 	0 	2.9957 		 	0.8333
371 	0 	0 	0 	0 	0 	0 	0 	1 	0 	4 	0 	0 	0 	0 	0 	0 	0 	0 	0 	0 	2.4953 		 	0.8333
372 	0 	0 	0 	0 	0 	0 	0 	0 	0 	0 	0 	0 	1 	0 	0 	4 	0 	0 	0 	0 	2.4953 		 	0.8333
373 	0 	0 	0 	0 	0 	0 	0 	0 	0 	0 	0 	0 	0 	0 	4 	1 	0 	0 	0 	0 	2.4953 		 	0.8333
374 	0 	0 	0 	0 	0 	0 	0 	0 	1 	0 	4 	0 	0 	0 	0 	0 	0 	0 	0 	0 	2.4953 		 	0.8333
375 	0 	0 	0 	0 	0 	1 	0 	0 	0 	0 	0 	0 	0 	0 	0 	0 	0 	4 	0 	0 	2.4953 		 	0.8333
376 	0 	1 	0 	0 	0 	4 	0 	0 	0 	0 	0 	0 	0 	0 	0 	0 	0 	0 	0 	0 	2.4953 		 	0.8333
377 	0 	0 	0 	0 	0 	0 	0 	0 	0 	1 	4 	0 	0 	0 	0 	0 	0 	0 	0 	0 	2.4953 		 	0.8333
378 	0 	0 	0 	0 	0 	0 	0 	4 	0 	0 	0 	0 	0 	0 	1 	0 	0 	0 	0 	0 	2.4953 		 	0.8333
379 	0 	0 	0 	0 	0 	0 	0 	0 	0 	0 	0 	0 	0 	0 	0 	4 	0 	1 	0 	0 	2.4953 		 	0.8333
380 	0 	0 	0 	0 	0 	5 	0 	0 	0 	0 	0 	0 	0 	0 	0 	0 	0 	0 	0 	0 	2.9957 		 	0.8333
381 	0 	0 	0 	0 	0 	1 	0 	0 	0 	0 	0 	0 	0 	0 	0 	0 	4 	0 	0 	0 	2.4953 		 	0.8333
382 	0 	0 	0 	0 	0 	0 	0 	0 	0 	0 	0 	1 	0 	0 	1 	0 	3 	0 	0 	0 	2.0455 		 	0.8333
383 	0 	1 	0 	0 	0 	0 	0 	0 	0 	0 	0 	0 	0 	0 	0 	0 	4 	0 	0 	0 	2.4953 		 	0.8333
384 	0 	0 	0 	4 	0 	0 	1 	0 	0 	0 	0 	0 	0 	0 	0 	0 	0 	0 	0 	0 	2.4953 		 	0.8333
385 	0 	0 	0 	0 	0 	0 	0 	0 	0 	0 	0 	0 	1 	0 	4 	0 	0 	0 	0 	0 	2.4953 		 	0.8333
386 	0 	0 	0 	4 	0 	0 	1 	0 	0 	0 	0 	0 	0 	0 	0 	0 	0 	0 	0 	0 	2.4953 		 	0.8333
387 	0 	0 	0 	0 	0 	0 	0 	0 	0 	4 	0 	0 	0 	0 	0 	0 	0 	0 	0 	0 	2.9957 		 	0.6667
388 	0 	0 	0 	0 	0 	0 	0 	0 	0 	0 	0 	0 	0 	0 	0 	0 	0 	0 	4 	0 	2.9957 		 	0.6667
389 	0 	0 	2 	2 	0 	0 	0 	0 	0 	0 	0 	0 	0 	0 	0 	0 	0 	1 	0 	0 	1.9408 		 	0.8333
390 	0 	0 	4 	0 	0 	0 	0 	0 	0 	0 	0 	1 	0 	0 	0 	0 	0 	0 	0 	0 	2.4953 		 	0.8333
391 	0 	0 	0 	0 	0 	1 	0 	0 	0 	0 	0 	0 	0 	0 	0 	0 	0 	0 	4 	0 	2.4953 		 	0.8333
392 	4 	0 	0 	0 	0 	0 	0 	0 	0 	0 	0 	0 	0 	0 	0 	0 	0 	1 	0 	0 	2.4953 		 	0.8333
393 	0 	0 	0 	0 	1 	0 	0 	0 	0 	0 	0 	0 	4 	0 	0 	0 	0 	0 	0 	0 	2.4953 		 	0.8333
394 	0 	0 	0 	0 	1 	0 	0 	0 	0 	0 	0 	0 	0 	0 	0 	0 	0 	0 	0 	4 	2.4953 		 	0.8333
395 	0 	0 	0 	4 	0 	0 	0 	0 	0 	0 	0 	1 	0 	0 	0 	0 	0 	0 	0 	0 	2.4953 		 	0.8333
396 	0 	0 	4 	0 	0 	1 	0 	0 	0 	0 	0 	0 	0 	0 	0 	0 	0 	0 	0 	0 	2.4953 		 	0.8333
397 	0 	0 	0 	0 	0 	0 	0 	1 	0 	0 	0 	0 	0 	0 	0 	0 	0 	4 	0 	0 	2.4953 		 	0.8333
398 	0 	0 	0 	4 	0 	0 	0 	1 	0 	0 	0 	0 	0 	0 	0 	0 	0 	0 	0 	0 	2.4953 		 	0.8333
399 	0 	0 	0 	0 	0 	0 	0 	4 	0 	1 	0 	0 	0 	0 	0 	0 	0 	0 	0 	0 	2.4953 		 	0.8333
400 	0 	0 	0 	0 	0 	5 	0 	0 	0 	0 	0 	0 	0 	0 	0 	0 	0 	0 	0 	0 	2.9957 		 	0.8333
401 	0 	0 	0 	0 	0 	0 	0 	0 	0 	0 	0 	0 	5 	0 	0 	0 	0 	0 	0 	0 	2.9957 		 	0.8333
402 	0 	0 	1 	0 	0 	0 	0 	0 	0 	0 	0 	4 	0 	0 	0 	0 	0 	0 	0 	0 	2.4953 		 	0.8333
403 	0 	0 	0 	0 	0 	5 	0 	0 	0 	0 	0 	0 	0 	0 	0 	0 	0 	0 	0 	0 	2.9957 		 	0.8333
404 	0 	0 	0 	0 	0 	0 	0 	0 	0 	0 	0 	1 	0 	0 	0 	0 	0 	4 	0 	0 	2.4953 		 	0.8333
405 	0 	0 	0 	0 	0 	0 	0 	0 	0 	4 	0 	0 	0 	0 	0 	0 	0 	1 	0 	0 	2.4953 		 	0.8333
406 	0 	0 	0 	0 	0 	0 	0 	0 	0 	1 	0 	0 	0 	0 	4 	0 	0 	0 	0 	0 	2.4953 		 	0.8333
407 	0 	0 	0 	0 	0 	0 	0 	1 	0 	0 	0 	0 	0 	0 	0 	0 	4 	0 	0 	0 	2.4953 		 	0.8333
408 	0 	0 	0 	0 	0 	0 	0 	0 	0 	0 	0 	0 	1 	0 	0 	4 	0 	0 	0 	0 	2.4953 		 	0.8333
409 	0 	0 	0 	1 	0 	0 	0 	0 	0 	0 	0 	0 	0 	0 	0 	4 	0 	0 	0 	0 	2.4953 		 	0.8333
410 	0 	0 	0 	0 	0 	4 	0 	0 	0 	0 	1 	0 	0 	0 	0 	0 	0 	0 	0 	0 	2.4953 		 	0.8333
411 	0 	0 	0 	0 	0 	0 	0 	0 	0 	0 	0 	0 	0 	0 	0 	0 	0 	0 	0 	4 	2.9957 		 	0.6667
412 	0 	0 	0 	0 	0 	0 	0 	0 	4 	0 	0 	0 	0 	0 	0 	0 	0 	0 	0 	0 	2.9957 		 	0.6667
413 	0 	0 	0 	0 	4 	0 	0 	0 	0 	0 	0 	0 	0 	0 	0 	0 	0 	0 	0 	0 	2.9957 		 	0.6667
414 	0 	0 	0 	0 	0 	0 	0 	0 	0 	0 	0 	0 	4 	0 	0 	0 	0 	0 	0 	0 	2.9957 		 	0.6667
415 	0 	0 	0 	0 	0 	0 	0 	0 	0 	4 	0 	0 	0 	0 	0 	0 	0 	0 	0 	0 	2.9957 		 	0.6667
416 	0 	0 	0 	0 	0 	0 	0 	0 	0 	0 	0 	0 	0 	0 	0 	0 	0 	0 	0 	4 	2.9957 		 	0.6667
417 	0 	0 	0 	0 	0 	0 	0 	0 	0 	0 	4 	0 	0 	0 	0 	0 	0 	0 	0 	0 	2.9957 		 	0.6667
418 	0 	0 	0 	0 	0 	0 	0 	4 	0 	0 	0 	0 	0 	0 	0 	0 	0 	0 	0 	0 	2.9957 		 	0.6667
419 	0 	0 	0 	0 	0 	4 	0 	0 	0 	0 	0 	0 	0 	1 	0 	0 	0 	0 	0 	0 	2.4953 		 	0.8333
420 	0 	0 	0 	0 	0 	0 	4 	0 	0 	0 	0 	0 	0 	0 	0 	1 	0 	0 	0 	0 	2.4953 		 	0.8333
421 	0 	0 	0 	0 	0 	4 	0 	0 	0 	0 	0 	0 	0 	0 	0 	1 	0 	0 	0 	0 	2.4953 		 	0.8333
422 	0 	0 	0 	0 	0 	0 	0 	0 	0 	1 	4 	0 	0 	0 	0 	0 	0 	0 	0 	0 	2.4953 		 	0.8333
423 	0 	0 	0 	0 	0 	0 	0 	0 	0 	5 	0 	0 	0 	0 	0 	0 	0 	0 	0 	0 	2.9957 		 	0.8333
424 	0 	0 	4 	0 	0 	0 	0 	0 	0 	0 	0 	0 	0 	1 	0 	0 	0 	0 	0 	0 	2.4953 		 	0.8333
425 	0 	0 	0 	0 	0 	0 	0 	0 	0 	0 	0 	0 	0 	1 	0 	4 	0 	0 	0 	0 	2.4953 		 	0.8333
426 	0 	0 	4 	0 	0 	0 	1 	0 	0 	0 	0 	0 	0 	0 	0 	0 	0 	0 	0 	0 	2.4953 		 	0.8333
427 	0 	0 	0 	0 	0 	0 	0 	0 	0 	4 	1 	0 	0 	0 	0 	0 	0 	0 	0 	0 	2.4953 		 	0.8333
428 	0 	0 	0 	1 	0 	0 	4 	0 	0 	0 	0 	0 	0 	0 	0 	0 	0 	0 	0 	0 	2.4953 		 	0.8333
429 	0 	0 	0 	0 	0 	0 	0 	0 	0 	5 	0 	0 	0 	0 	0 	0 	0 	0 	0 	0 	2.9957 		 	0.8333
430 	0 	0 	0 	0 	0 	0 	0 	0 	0 	1 	0 	0 	0 	0 	0 	0 	0 	0 	0 	0 	2.9957 		 	0.1667
431 	0 	0 	0 	0 	0 	0 	0 	0 	0 	0 	0 	0 	0 	0 	0 	0 	0 	1 	0 	0 	2.9957 		 	0.1667
432 	0 	0 	0 	0 	0 	0 	0 	0 	0 	0 	0 	0 	0 	0 	0 	5 	0 	0 	0 	0 	2.9957 		 	0.8333
433 	0 	0 	0 	0 	0 	0 	0 	0 	0 	0 	0 	0 	0 	0 	0 	1 	0 	0 	0 	0 	2.9957 		 	0.1667
434 	0 	0 	0 	0 	0 	0 	0 	0 	0 	0 	0 	0 	0 	0 	0 	0 	0 	1 	0 	0 	2.9957 		 	0.1667
435 	0 	0 	0 	0 	0 	0 	0 	1 	0 	0 	0 	0 	0 	0 	0 	0 	0 	0 	0 	0 	2.9957 		 	0.1667
436 	0 	0 	0 	0 	0 	0 	0 	0 	0 	0 	0 	0 	1 	0 	0 	0 	0 	0 	0 	0 	2.9957 		 	0.1667
437 	0 	0 	0 	0 	0 	0 	0 	0 	0 	1 	0 	0 	0 	0 	0 	0 	0 	0 	0 	0 	2.9957 		 	0.1667
438 	0 	0 	0 	0 	0 	0 	0 	0 	0 	0 	1 	0 	0 	0 	0 	0 	0 	0 	0 	0 	2.9957 		 	0.1667
439 	0 	0 	0 	0 	0 	0 	1 	0 	0 	0 	0 	0 	0 	0 	0 	0 	0 	0 	0 	0 	2.9957 		 	0.1667
440 	0 	0 	0 	0 	0 	0 	0 	0 	0 	0 	0 	0 	1 	0 	0 	0 	0 	0 	0 	0 	2.9957 		 	0.1667
441 	0 	0 	0 	0 	0 	0 	0 	0 	0 	1 	0 	0 	0 	0 	0 	0 	0 	0 	0 	0 	2.9957 		 	0.1667
442 	1 	0 	0 	0 	0 	0 	0 	0 	0 	0 	0 	0 	0 	0 	0 	0 	0 	0 	0 	0 	2.9957 		 	0.1667
443 	0 	0 	1 	0 	0 	0 	0 	0 	0 	0 	0 	0 	0 	0 	0 	0 	0 	0 	0 	0 	2.9957 		 	0.1667
444 	0 	0 	0 	0 	0 	0 	0 	0 	0 	0 	0 	0 	1 	0 	0 	0 	0 	0 	0 	0 	2.9957 		 	0.1667
445 	0 	0 	0 	0 	0 	0 	0 	0 	0 	0 	0 	0 	0 	0 	0 	1 	0 	0 	0 	0 	2.9957 		 	0.1667
446 	0 	0 	0 	0 	0 	0 	0 	0 	0 	0 	0 	0 	0 	0 	0 	0 	1 	0 	0 	0 	2.9957 		 	0.1667
447 	0 	0 	0 	0 	0 	0 	0 	0 	0 	0 	0 	0 	0 	0 	0 	0 	0 	1 	0 	0 	2.9957 		 	0.1667
448 	0 	0 	0 	0 	1 	0 	0 	0 	0 	0 	0 	0 	0 	0 	0 	0 	0 	0 	0 	0 	2.9957 		 	0.1667
449 	0 	0 	0 	0 	0 	0 	0 	0 	1 	0 	0 	0 	0 	0 	0 	0 	0 	0 	0 	0 	2.9957 		 	0.1667
450 	0 	0 	0 	0 	0 	0 	0 	0 	0 	0 	0 	1 	0 	0 	0 	0 	0 	0 	0 	0 	2.9957 		 	0.1667
451 	0 	0 	0 	0 	0 	1 	0 	0 	0 	0 	0 	0 	0 	0 	0 	0 	0 	0 	0 	0 	2.9957 		 	0.1667
452 	0 	0 	1 	0 	0 	0 	0 	0 	0 	0 	0 	0 	0 	0 	0 	4 	0 	0 	0 	0 	2.4953 		 	0.8333
453 	0 	0 	0 	1 	0 	0 	0 	0 	4 	0 	0 	0 	0 	0 	0 	0 	0 	0 	0 	0 	2.4953 		 	0.8333
454 	4 	0 	0 	0 	0 	0 	0 	0 	0 	0 	0 	0 	0 	0 	0 	0 	0 	1 	0 	0 	2.4953 		 	0.8333
455 	0 	0 	0 	1 	0 	0 	0 	0 	0 	0 	0 	0 	0 	4 	0 	0 	0 	0 	0 	0 	2.4953 		 	0.8333
456 	0 	0 	1 	0 	0 	0 	0 	0 	0 	0 	0 	0 	0 	0 	0 	0 	0 	4 	0 	0 	2.4953 		 	0.8333
457 	0 	0 	0 	0 	5 	0 	0 	0 	0 	0 	0 	0 	0 	0 	0 	0 	0 	0 	0 	0 	2.9957 		 	0.8333
458 	0 	0 	0 	4 	0 	0 	0 	0 	0 	0 	0 	0 	0 	0 	0 	0 	0 	1 	0 	0 	2.4953 		 	0.8333
459 	0 	0 	0 	1 	0 	0 	4 	0 	0 	0 	0 	0 	0 	0 	0 	0 	0 	0 	0 	0 	2.4953 		 	0.8333
460 	0 	0 	0 	0 	0 	0 	0 	0 	0 	0 	0 	0 	4 	0 	0 	0 	0 	1 	0 	0 	2.4953 		 	0.8333
461 	0 	0 	0 	0 	0 	0 	5 	0 	0 	0 	0 	0 	0 	0 	0 	0 	0 	0 	0 	0 	2.9957 		 	0.8333
462 	0 	0 	0 	0 	0 	0 	0 	4 	0 	1 	0 	0 	0 	0 	0 	0 	0 	0 	0 	0 	2.4953 		 	0.8333
463 	0 	0 	0 	0 	0 	0 	0 	0 	0 	0 	0 	0 	2 	3 	0 	0 	0 	0 	0 	0 	2.3227 		 	0.8333
464 	0 	0 	5 	0 	0 	0 	0 	0 	0 	0 	0 	0 	0 	0 	0 	0 	0 	0 	0 	0 	2.9957 		 	0.8333
465 	4 	0 	0 	0 	0 	0 	0 	0 	0 	0 	0 	0 	0 	0 	0 	0 	0 	1 	0 	0 	2.4953 		 	0.8333
466 	3 	0 	0 	0 	0 	0 	1 	0 	0 	0 	0 	0 	0 	0 	0 	0 	1 	0 	0 	0 	2.0455 		 	0.8333
467 	0 	0 	0 	1 	0 	0 	0 	0 	0 	0 	0 	0 	0 	0 	0 	4 	0 	0 	0 	0 	2.4953 		 	0.8333
468 	0 	0 	0 	0 	0 	0 	0 	0 	0 	0 	0 	0 	0 	4 	1 	0 	0 	0 	0 	0 	2.4953 		 	0.8333
469 	0 	0 	0 	0 	0 	0 	0 	1 	0 	4 	0 	0 	0 	0 	0 	0 	0 	0 	0 	0 	2.4953 		 	0.8333
470 	0 	0 	0 	0 	0 	0 	0 	0 	0 	0 	0 	0 	4 	0 	0 	1 	0 	0 	0 	0 	2.4953 		 	0.8333
471 	0 	0 	4 	0 	0 	0 	0 	0 	0 	0 	0 	0 	0 	0 	0 	0 	0 	0 	0 	0 	2.9957 		 	0.6667
472 	0 	0 	4 	0 	0 	0 	0 	0 	0 	0 	0 	0 	0 	0 	0 	0 	0 	0 	0 	0 	2.9957 		 	0.6667
473 	0 	0 	0 	4 	0 	0 	0 	0 	0 	0 	0 	0 	0 	0 	0 	0 	0 	0 	0 	0 	2.9957 		 	0.6667
474 	0 	0 	0 	0 	0 	0 	0 	0 	0 	0 	0 	0 	0 	0 	0 	1 	3 	0 	0 	0 	2.4334 		 	0.6667
475 	0 	0 	0 	0 	0 	0 	0 	0 	0 	4 	0 	0 	0 	0 	0 	0 	0 	0 	0 	0 	2.9957 		 	0.6667
476 	0 	0 	0 	0 	3 	0 	0 	0 	0 	0 	0 	0 	0 	0 	0 	0 	0 	0 	0 	0 	2.9957 		 	0.5000
477 	0 	0 	0 	0 	3 	0 	0 	0 	0 	0 	0 	0 	0 	0 	0 	0 	0 	0 	0 	0 	2.9957 		 	0.5000
478 	0 	0 	0 	0 	0 	3 	0 	0 	0 	0 	0 	0 	0 	0 	0 	0 	0 	0 	0 	0 	2.9957 		 	0.5000
479 	0 	0 	3 	0 	0 	0 	0 	0 	0 	0 	0 	0 	0 	0 	0 	0 	0 	0 	0 	0 	2.9957 		 	0.5000
480 	0 	0 	0 	0 	0 	0 	0 	0 	0 	0 	0 	0 	0 	0 	0 	0 	3 	0 	0 	0 	2.9957 		 	0.5000
481 	0 	0 	0 	0 	0 	3 	0 	0 	0 	0 	0 	0 	0 	0 	0 	0 	0 	0 	0 	0 	2.9957 		 	0.5000
482 	0 	0 	0 	0 	0 	0 	0 	0 	0 	3 	0 	0 	0 	0 	0 	0 	0 	0 	0 	0 	2.9957 		 	0.5000
483 	0 	0 	0 	0 	0 	0 	0 	0 	0 	0 	0 	0 	0 	0 	0 	3 	0 	0 	0 	0 	2.9957 		 	0.5000
484 	0 	0 	0 	0 	0 	0 	0 	0 	3 	0 	0 	0 	0 	0 	0 	0 	0 	0 	0 	0 	2.9957 		 	0.5000
485 	0 	0 	1 	0 	0 	0 	0 	0 	0 	0 	0 	2 	0 	0 	0 	0 	0 	0 	0 	0 	2.3592 		 	0.5000
486 	0 	0 	0 	0 	0 	0 	0 	0 	0 	0 	0 	0 	3 	0 	0 	0 	0 	0 	0 	0 	2.9957 		 	0.5000
487 	0 	0 	0 	0 	0 	0 	0 	3 	0 	0 	0 	0 	0 	0 	0 	0 	0 	0 	0 	0 	2.9957 		 	0.5000
488 	0 	0 	0 	3 	0 	0 	0 	0 	0 	0 	0 	0 	0 	0 	0 	0 	0 	0 	0 	0 	2.9957 		 	0.5000
489 	0 	0 	0 	0 	0 	1 	0 	0 	0 	3 	0 	0 	0 	0 	0 	0 	0 	0 	0 	0 	2.4334 		 	0.6667
490 	0 	0 	0 	0 	0 	0 	0 	0 	0 	0 	0 	0 	0 	0 	0 	0 	0 	4 	0 	0 	2.9957 		 	0.6667
491 	0 	0 	1 	3 	0 	0 	0 	0 	0 	0 	0 	0 	0 	0 	0 	0 	0 	0 	0 	0 	2.4334 		 	0.6667
492 	0 	0 	0 	0 	0 	3 	0 	0 	0 	1 	0 	0 	0 	0 	0 	0 	0 	0 	0 	0 	2.4334 		 	0.6667
493 	0 	0 	0 	0 	0 	1 	0 	0 	0 	0 	0 	0 	0 	0 	0 	0 	0 	0 	3 	0 	2.4334 		 	0.6667
494 	0 	0 	0 	0 	3 	0 	0 	0 	0 	1 	0 	0 	0 	0 	0 	0 	0 	0 	0 	0 	2.4334 		 	0.6667
495 	0 	0 	0 	0 	0 	0 	0 	0 	0 	0 	0 	0 	1 	0 	0 	3 	0 	0 	0 	0 	2.4334 		 	0.6667
496 	0 	0 	0 	0 	0 	3 	0 	0 	0 	0 	0 	1 	0 	0 	0 	0 	0 	0 	0 	0 	2.4334 		 	0.6667
497 	0 	0 	0 	0 	0 	0 	0 	0 	0 	0 	0 	0 	0 	0 	0 	0 	0 	0 	4 	0 	2.9957 		 	0.6667
498 	0 	0 	0 	0 	0 	1 	0 	0 	3 	0 	0 	0 	0 	0 	0 	0 	0 	0 	0 	0 	2.4334 		 	0.6667
499 	0 	0 	0 	0 	0 	0 	0 	0 	1 	0 	0 	0 	0 	0 	0 	3 	0 	0 	0 	0 	2.4334 		 	0.6667
500 	0 	0 	0 	0 	0 	0 	0 	0 	0 	0 	0 	0 	0 	0 	0 	3 	0 	0 	0 	1 	2.4334 		 	0.6667
501 	0 	0 	0 	0 	0 	0 	0 	3 	0 	0 	0 	0 	0 	0 	0 	0 	0 	1 	0 	0 	2.4334 		 	0.6667
502 	3 	0 	0 	0 	0 	0 	0 	0 	0 	0 	0 	0 	0 	0 	0 	0 	0 	0 	0 	0 	2.9957 		 	0.5000
503 	0 	0 	0 	0 	0 	0 	0 	0 	0 	0 	0 	0 	0 	0 	0 	3 	0 	0 	0 	0 	2.9957 		 	0.5000
504 	0 	0 	0 	0 	3 	0 	0 	0 	0 	0 	0 	0 	0 	0 	0 	0 	0 	0 	0 	0 	2.9957 		 	0.5000
505 	0 	0 	0 	0 	3 	0 	0 	0 	0 	1 	0 	0 	0 	0 	0 	0 	0 	0 	0 	0 	2.4334 		 	0.6667
506 	0 	0 	0 	0 	3 	0 	0 	0 	0 	1 	0 	0 	0 	0 	0 	0 	0 	0 	0 	0 	2.4334 		 	0.6667
507 	0 	0 	0 	0 	0 	0 	0 	3 	0 	0 	0 	0 	0 	0 	0 	1 	0 	0 	0 	0 	2.4334 		 	0.6667
508 	1 	0 	0 	0 	0 	0 	0 	3 	0 	0 	0 	0 	0 	0 	0 	0 	0 	0 	0 	0 	2.4334 		 	0.6667
509 	0 	0 	0 	0 	0 	4 	0 	0 	0 	0 	0 	0 	0 	0 	0 	0 	0 	0 	0 	0 	2.9957 		 	0.6667
510 	1 	0 	0 	0 	0 	0 	0 	0 	0 	3 	0 	0 	0 	0 	0 	0 	0 	0 	0 	0 	2.4334 		 	0.6667
511 	0 	0 	0 	0 	0 	0 	0 	3 	0 	1 	0 	0 	0 	0 	0 	0 	0 	0 	0 	0 	2.4334 		 	0.6667
512 	0 	0 	0 	0 	0 	0 	0 	3 	0 	0 	0 	0 	0 	0 	0 	0 	1 	0 	0 	0 	2.4334 		 	0.6667
513 	1 	0 	0 	0 	0 	3 	0 	0 	0 	0 	0 	0 	0 	0 	0 	0 	0 	0 	0 	0 	2.4334 		 	0.6667
514 	0 	0 	0 	0 	0 	0 	0 	0 	0 	4 	0 	0 	0 	0 	0 	0 	0 	0 	0 	0 	2.9957 		 	0.6667
515 	0 	0 	0 	0 	3 	0 	0 	0 	0 	0 	1 	0 	0 	0 	0 	0 	0 	0 	0 	0 	2.4334 		 	0.6667
516 	0 	0 	0 	0 	1 	0 	0 	0 	0 	3 	0 	0 	0 	0 	0 	0 	0 	0 	0 	0 	2.4334 		 	0.6667
517 	0 	0 	0 	0 	0 	0 	0 	1 	0 	0 	0 	0 	0 	0 	0 	0 	0 	3 	0 	0 	2.4334 		 	0.6667
518 	0 	0 	0 	0 	0 	0 	0 	0 	0 	3 	0 	0 	0 	0 	0 	0 	0 	0 	0 	0 	2.9957 		 	0.5000
519 	0 	0 	0 	0 	0 	0 	0 	0 	0 	0 	0 	0 	0 	0 	3 	0 	0 	0 	0 	0 	2.9957 		 	0.5000
520 	0 	0 	0 	0 	0 	0 	0 	2 	0 	0 	0 	0 	0 	0 	0 	0 	0 	2 	0 	0 	2.3026 		 	0.6667
521 	0 	0 	0 	0 	1 	3 	0 	0 	0 	0 	0 	0 	0 	0 	0 	0 	0 	0 	0 	0 	2.4334 		 	0.6667
522 	0 	0 	0 	0 	0 	0 	0 	2 	0 	1 	0 	0 	0 	0 	0 	0 	0 	1 	0 	0 	1.9560 		 	0.6667
523 	0 	0 	0 	0 	0 	0 	0 	0 	0 	0 	1 	0 	0 	0 	0 	0 	0 	0 	0 	3 	2.4334 		 	0.6667
524 	0 	0 	0 	0 	0 	0 	0 	0 	0 	3 	0 	0 	0 	0 	0 	0 	1 	0 	0 	0 	2.4334 		 	0.6667
525 	0 	4 	0 	0 	0 	0 	0 	0 	0 	0 	0 	0 	0 	0 	0 	0 	0 	0 	0 	0 	2.9957 		 	0.6667
526 	0 	0 	0 	0 	0 	0 	0 	3 	0 	0 	0 	0 	0 	0 	0 	0 	0 	0 	1 	0 	2.4334 		 	0.6667
527 	0 	0 	0 	0 	0 	0 	0 	0 	3 	0 	0 	0 	0 	0 	1 	0 	0 	0 	0 	0 	2.4334 		 	0.6667
528 	0 	0 	0 	0 	0 	0 	0 	0 	0 	3 	0 	0 	0 	0 	1 	0 	0 	0 	0 	0 	2.4334 		 	0.6667
529 	0 	0 	0 	0 	0 	0 	0 	0 	3 	0 	0 	0 	0 	0 	0 	0 	0 	0 	0 	0 	2.9957 		 	0.5000
530 	0 	0 	0 	0 	0 	0 	3 	0 	0 	0 	0 	0 	0 	0 	0 	0 	0 	0 	0 	0 	2.9957 		 	0.5000
531 	0 	0 	0 	0 	0 	0 	0 	0 	0 	0 	0 	0 	0 	0 	0 	0 	3 	1 	0 	0 	2.4334 		 	0.6667
532 	0 	0 	0 	0 	0 	0 	0 	0 	1 	0 	0 	2 	0 	0 	1 	0 	0 	0 	0 	0 	1.9560 		 	0.6667
533 	0 	0 	0 	0 	0 	0 	0 	0 	3 	0 	0 	0 	0 	0 	1 	0 	0 	0 	0 	0 	2.4334 		 	0.6667
534 	0 	0 	0 	0 	0 	0 	0 	0 	0 	0 	0 	0 	0 	0 	3 	1 	0 	0 	0 	0 	2.4334 		 	0.6667
535 	0 	0 	0 	0 	0 	0 	0 	0 	1 	0 	0 	0 	0 	2 	0 	0 	0 	0 	0 	0 	2.3592 		 	0.5000
536 	0 	0 	0 	1 	0 	0 	0 	3 	0 	0 	0 	0 	0 	0 	0 	0 	0 	0 	0 	0 	2.4334 		 	0.6667
537 	0 	0 	0 	0 	0 	0 	0 	0 	0 	0 	0 	0 	1 	0 	0 	0 	0 	0 	0 	3 	2.4334 		 	0.6667
538 	1 	0 	0 	0 	0 	0 	0 	0 	0 	0 	0 	0 	0 	0 	0 	0 	3 	0 	0 	0 	2.4334 		 	0.6667
539 	0 	0 	3 	0 	0 	0 	0 	0 	0 	0 	0 	0 	0 	1 	0 	0 	0 	0 	0 	0 	2.4334 		 	0.6667
540 	0 	0 	0 	0 	0 	0 	1 	3 	0 	0 	0 	0 	0 	0 	0 	0 	0 	0 	0 	0 	2.4334 		 	0.6667
541 	0 	0 	0 	3 	0 	0 	0 	0 	0 	0 	0 	1 	0 	0 	0 	0 	0 	0 	0 	0 	2.4334 		 	0.6667
542 	0 	0 	0 	0 	0 	0 	0 	0 	0 	1 	3 	0 	0 	0 	0 	0 	0 	0 	0 	0 	2.4334 		 	0.6667
543 	0 	0 	0 	0 	0 	0 	0 	0 	0 	0 	0 	3 	0 	0 	1 	0 	0 	0 	0 	0 	2.4334 		 	0.6667
544 	0 	0 	0 	0 	0 	1 	0 	0 	0 	0 	0 	0 	0 	0 	3 	0 	0 	0 	0 	0 	2.4334 		 	0.6667
545 	0 	0 	0 	0 	0 	0 	0 	0 	0 	3 	0 	0 	0 	0 	0 	0 	1 	0 	0 	0 	2.4334 		 	0.6667
546 	0 	0 	0 	0 	0 	4 	0 	0 	0 	0 	0 	0 	0 	0 	0 	0 	0 	0 	0 	0 	2.9957 		 	0.6667
547 	0 	0 	0 	0 	0 	0 	0 	0 	3 	0 	0 	0 	0 	0 	1 	0 	0 	0 	0 	0 	2.4334 		 	0.6667
548 	0 	0 	0 	1 	0 	0 	0 	0 	0 	0 	0 	0 	0 	0 	0 	0 	0 	0 	0 	0 	2.9957 		 	0.1667
549 	0 	0 	0 	0 	0 	0 	0 	0 	0 	0 	0 	0 	0 	0 	0 	0 	0 	1 	0 	0 	2.9957 		 	0.1667
550 	0 	0 	0 	0 	0 	0 	0 	0 	0 	0 	0 	0 	0 	0 	0 	1 	0 	0 	0 	0 	2.9957 		 	0.1667
551 	0 	0 	0 	0 	0 	0 	0 	0 	0 	0 	0 	0 	0 	0 	0 	0 	0 	1 	0 	0 	2.9957 		 	0.1667
552 	0 	0 	0 	0 	0 	0 	0 	0 	0 	0 	0 	0 	0 	0 	0 	0 	1 	0 	0 	0 	2.9957 		 	0.1667
553 	0 	0 	0 	0 	0 	0 	0 	0 	0 	0 	0 	0 	1 	0 	0 	0 	0 	0 	0 	0 	2.9957 		 	0.1667
554 	0 	0 	0 	0 	0 	0 	0 	0 	0 	0 	0 	0 	0 	1 	0 	0 	0 	0 	0 	0 	2.9957 		 	0.1667
555 	0 	0 	0 	0 	0 	0 	0 	0 	0 	0 	0 	0 	0 	0 	0 	1 	0 	0 	0 	0 	2.9957 		 	0.1667
556 	0 	0 	0 	0 	0 	1 	0 	0 	0 	0 	0 	0 	0 	0 	0 	0 	0 	0 	0 	0 	2.9957 		 	0.1667
557 	0 	0 	0 	0 	0 	0 	0 	0 	1 	0 	0 	0 	0 	0 	0 	0 	0 	0 	0 	0 	2.9957 		 	0.1667
558 	0 	0 	0 	0 	0 	0 	0 	1 	0 	0 	0 	0 	0 	0 	0 	0 	0 	0 	0 	0 	2.9957 		 	0.1667
559 	0 	0 	0 	0 	0 	0 	0 	1 	0 	0 	0 	0 	0 	0 	0 	0 	0 	0 	0 	0 	2.9957 		 	0.1667
560 	0 	0 	0 	0 	0 	0 	0 	0 	0 	0 	0 	0 	0 	0 	0 	1 	0 	0 	0 	0 	2.9957 		 	0.1667
561 	0 	0 	0 	0 	0 	0 	0 	0 	0 	0 	0 	0 	0 	0 	0 	1 	0 	0 	0 	0 	2.9957 		 	0.1667
562 	0 	0 	0 	0 	0 	0 	0 	0 	0 	0 	0 	0 	0 	0 	0 	0 	0 	0 	1 	0 	2.9957 		 	0.1667
563 	0 	0 	0 	1 	0 	0 	0 	0 	0 	0 	0 	0 	0 	0 	0 	0 	0 	0 	0 	0 	2.9957 		 	0.1667
564 	0 	0 	0 	0 	0 	0 	0 	0 	0 	0 	0 	0 	0 	0 	0 	1 	0 	0 	0 	0 	2.9957 		 	0.1667
565 	0 	0 	0 	0 	0 	0 	0 	0 	0 	0 	0 	0 	0 	0 	0 	0 	0 	0 	0 	1 	2.9957 		 	0.1667
566 	0 	0 	0 	0 	0 	0 	0 	0 	1 	0 	0 	0 	0 	0 	0 	0 	0 	0 	0 	0 	2.9957 		 	0.1667
567 	0 	0 	0 	0 	0 	0 	0 	0 	0 	0 	0 	0 	0 	0 	0 	1 	0 	0 	0 	0 	2.9957 		 	0.1667
568 	0 	0 	0 	0 	0 	1 	0 	0 	0 	0 	0 	0 	0 	0 	0 	0 	0 	0 	0 	0 	2.9957 		 	0.1667
569 	0 	0 	0 	0 	0 	1 	0 	0 	0 	0 	0 	0 	0 	0 	0 	0 	0 	0 	0 	0 	2.9957 		 	0.1667
570 	0 	0 	0 	1 	0 	0 	0 	0 	0 	0 	0 	0 	0 	0 	0 	0 	0 	0 	0 	0 	2.9957 		 	0.1667
571 	0 	0 	0 	0 	0 	0 	0 	0 	0 	0 	0 	0 	0 	0 	0 	0 	1 	0 	0 	0 	2.9957 		 	0.1667
572 	0 	0 	0 	0 	0 	1 	0 	0 	0 	0 	0 	0 	0 	0 	0 	0 	0 	0 	0 	0 	2.9957 		 	0.1667
573 	0 	0 	0 	0 	0 	0 	0 	0 	0 	1 	0 	0 	0 	0 	0 	0 	0 	0 	0 	0 	2.9957 		 	0.1667
# End LogoData
